Date,Open,High,Low,Close,Volume
2010-01-04,21.02,21.44,20.96,21.42,3361252
2010-01-05,21.34,21.46,21.23,21.44,4299374
2010-01-06,21.36,21.66,21.28,21.35,6093070
2010-01-07,21.34,21.52,21.14,21.33,5016876
2010-01-08,21.44,21.97,21.28,21.91,6376814
2010-01-11,21.92,21.96,21.24,21.24,6119146
2010-01-12,21.14,21.18,20.72,21.0,5571430
2010-01-13,21.32,21.47,21.06,21.24,6484602
2010-01-14,21.2,21.59,21.12,21.54,3616976
2010-01-15,21.73,21.76,21.22,21.61,5957378
2010-01-19,21.53,22.0,21.46,21.96,4020946
2010-01-20,21.61,21.64,20.92,21.46,4664062
2010-01-21,21.46,22.0,21.2,21.4,5233116
2010-01-22,21.32,21.39,20.7,20.7,6999130
2010-01-25,20.85,20.85,20.47,20.58,5252200
2010-01-26,21.27,21.5,20.84,21.04,12734646
2010-01-27,21.0,21.12,20.64,20.99,8520680
2010-01-28,20.24,21.99,20.24,21.36,14116420
2010-01-29,21.16,21.19,20.51,20.78,12541528
2010-02-01,20.86,21.18,20.82,21.16,8997404
2010-02-02,21.0,21.25,20.82,21.18,5244576
2010-02-03,20.92,21.34,20.86,21.23,7595170
2010-02-04,21.01,21.06,20.68,20.69,6979006
2010-02-05,20.67,20.9,20.34,20.9,8237088
2010-02-08,20.92,21.3,20.67,21.06,6587836
2010-02-09,21.22,21.7,21.09,21.6,8862030
2010-02-10,21.56,21.72,21.36,21.45,9086696
2010-02-11,21.4,21.58,21.23,21.54,7031266
2010-02-12,21.2,21.68,21.17,21.58,5691274
2010-02-16,21.68,21.81,21.52,21.81,3776674
2010-02-17,21.62,21.98,21.58,21.94,7101858
2010-02-18,21.93,22.65,21.9,22.58,10705474
2010-02-19,22.58,22.8,22.31,22.37,13303524
2010-02-22,22.35,22.44,22.0,22.06,7202688
2010-02-23,22.07,22.18,21.82,21.96,8223608
2010-02-24,22.07,22.23,21.78,21.88,9746922
2010-02-25,21.6,21.6,20.5,21.41,13332684
2010-02-26,21.41,21.56,21.3,21.5,9682082
2010-03-01,21.56,21.94,21.51,21.88,6494522
2010-03-02,21.88,21.98,21.6,21.66,6568994
2010-03-03,21.75,22.1,21.68,21.93,7291494
2010-03-04,21.93,22.03,21.79,22.0,5376352
2010-03-05,22.02,22.5,22.02,22.3,8147054
2010-03-08,22.4,22.8,22.36,22.5,8807680
2010-03-09,22.52,23.03,22.5,22.99,9137882
2010-03-10,23.04,23.6,23.0,23.31,8474664
2010-03-11,23.14,23.63,23.06,23.63,7246886
2010-03-12,23.41,24.14,23.34,24.04,12672900
2010-03-15,24.04,24.57,24.0,24.5,13597812
2010-03-16,24.53,24.56,24.22,24.48,9535716
2010-03-17,23.94,24.14,23.48,23.72,29158442
2010-03-18,23.66,24.24,23.66,24.03,13271554
2010-03-19,24.18,24.42,23.93,24.17,15094652
2010-03-22,24.04,24.37,24.04,24.1,5636928
2010-03-23,24.09,24.23,23.72,24.0,7134062
2010-03-24,23.98,24.32,23.9,24.26,5635916
2010-03-25,24.36,24.48,23.99,24.02,7439130
2010-03-26,24.04,24.22,23.9,24.04,5704374
2010-03-29,24.06,24.14,23.87,23.99,4294808
2010-03-30,23.96,24.06,23.73,24.0,4652294
2010-03-31,23.86,24.12,23.67,23.74,8557138
2010-04-05,23.45,23.8,23.4,23.66,5259924
2010-04-06,23.63,23.74,23.4,23.62,4165600
2010-04-07,23.63,23.76,23.48,23.6,4732866
2010-04-08,23.62,23.62,23.18,23.51,4931648
2010-04-09,23.58,24.14,23.56,24.12,4205452
2010-04-12,24.12,24.43,24.02,24.38,5159636
2010-04-13,24.35,24.41,23.96,24.03,5341416
2010-04-14,23.98,24.14,23.8,24.02,5423498
2010-04-15,24.02,24.36,23.86,24.32,6393522
2010-04-16,24.3,24.46,24.1,24.24,6509654
2010-04-19,24.08,24.24,23.77,23.86,6902764
2010-04-20,23.88,24.79,23.79,24.72,8108558
2010-04-21,24.6,24.99,24.54,24.92,8539036
2010-04-22,23.94,24.24,23.24,24.15,18575834
2010-04-23,24.12,24.48,23.95,24.22,9523188
2010-04-26,24.1,24.54,24.0,24.44,4563772
2010-04-27,24.3,24.49,23.71,23.76,7469776
2010-04-28,23.86,23.89,23.58,23.86,10417862
2010-04-29,23.91,23.91,23.52,23.89,7575490
2010-04-30,23.89,23.89,23.38,23.52,5959682
2010-05-03,23.5,24.02,23.46,23.95,5989874
2010-05-04,23.75,23.75,23.11,23.38,5468290
2010-05-05,23.32,23.57,22.91,23.0,8405016
2010-05-06,22.94,23.16,21.13,22.22,10228470
2010-05-07,21.92,22.42,21.3,21.81,9186266
2010-05-10,22.97,23.5,22.76,23.48,9809220
2010-05-11,23.35,23.5,23.12,23.32,7141894
2010-05-12,23.28,23.83,23.21,23.82,6818144
2010-05-13,23.88,24.33,23.76,24.02,12251162
2010-05-14,23.85,23.86,23.0,23.26,7437620
2010-05-17,23.33,23.5,22.7,23.15,6508952
2010-05-18,23.24,23.38,22.46,22.64,7257354
2010-05-19,22.51,22.8,22.19,22.38,8431712
2010-05-20,22.18,22.46,21.88,22.0,8062452
2010-05-21,21.55,22.52,21.52,22.34,6175396
2010-05-24,22.16,22.43,22.03,22.06,4035844
2010-05-25,21.57,21.72,21.2,21.58,8610990
2010-05-26,21.68,22.1,21.32,21.42,8755184
2010-05-27,21.86,22.08,21.72,22.02,9394008
2010-05-28,21.94,22.1,21.73,21.8,7704964
2010-06-01,21.67,22.0,21.54,21.58,4442458
2010-06-02,21.52,22.21,21.32,22.2,7196956
2010-06-03,22.14,22.52,22.12,22.43,6522660
2010-06-04,22.06,22.4,21.58,21.65,7227060
2010-06-07,21.56,21.96,21.27,21.3,5682136
2010-06-08,21.18,21.18,20.16,20.96,16300682
2010-06-09,21.08,21.7,20.96,21.34,9719044
2010-06-10,21.68,21.9,21.49,21.89,5589626
2010-06-11,21.58,21.98,21.5,21.98,4582976
2010-06-14,22.14,22.38,21.9,21.94,5200156
2010-06-15,22.1,22.56,22.06,22.51,5196788
2010-06-16,22.44,22.64,22.27,22.54,3471410
2010-06-17,22.55,22.98,22.52,22.87,8818178
2010-06-18,22.82,23.16,22.79,23.04,7210154
2010-06-21,23.32,23.5,22.98,23.1,5814582
2010-06-22,23.2,23.42,22.71,22.76,5536350
2010-06-23,22.8,23.04,22.48,22.76,4292280
2010-06-24,22.66,22.74,22.12,22.18,6556194
2010-06-25,22.36,22.62,22.15,22.56,5490166
2010-06-28,22.62,22.62,22.28,22.32,3575680
2010-06-29,22.1,22.1,21.28,21.42,5595108
2010-06-30,21.48,21.68,21.08,21.12,4165478
2010-07-01,21.16,21.5,20.91,21.4,7417794
2010-07-02,21.0,21.51,20.81,21.06,4905960
2010-07-06,21.48,22.1,21.3,21.58,7854166
2010-07-07,21.57,22.26,21.57,22.24,6315030
2010-07-08,22.44,22.73,22.16,22.35,7301468
2010-07-09,22.4,22.54,22.2,22.31,5322516
2010-07-12,22.28,22.6,22.12,22.52,5407340
2010-07-13,22.8,23.48,22.6,22.84,9745984
2010-07-14,23.02,23.23,22.89,22.99,7266548
2010-07-15,23.02,23.72,23.02,23.32,9454342
2010-07-16,23.32,23.32,22.6,22.68,5192206
2010-07-19,22.65,23.28,22.65,23.15,5466138
2010-07-20,22.94,23.34,22.58,23.26,5479106
2010-07-21,23.36,23.37,22.5,22.5,5730424
2010-07-22,22.8,23.4,22.58,23.31,7882950
2010-07-23,23.21,23.92,23.18,23.92,5523210
2010-07-26,23.96,24.13,23.88,23.95,4178570
2010-07-27,24.0,24.3,23.73,24.0,8629888
2010-07-28,24.0,24.2,23.58,23.66,6919920
2010-07-29,26.5,28.85,26.38,28.34,29627630
2010-07-30,27.26,27.95,27.06,27.51,16295530
2010-08-02,27.92,28.36,27.79,27.92,6866930
2010-08-03,27.81,28.64,27.61,28.26,7938842
2010-08-04,28.27,29.14,28.25,29.0,7806448
2010-08-05,28.87,28.91,28.63,28.84,4608482
2010-08-06,28.49,29.2,28.32,29.16,8034510
2010-08-09,28.94,29.52,28.94,29.17,4575948
2010-08-10,28.9,29.12,28.54,28.94,4739880
2010-08-11,28.49,28.5,27.81,27.92,6005820
2010-08-12,27.3,28.22,26.8,28.11,7653920
2010-08-13,27.88,28.7,27.88,28.38,7096622
2010-08-16,28.08,28.84,27.9,28.5,4973384
2010-08-17,28.77,29.46,28.58,29.26,7822172
2010-08-18,29.28,29.58,28.52,29.36,7451974
2010-08-19,29.4,29.7,28.95,28.97,9296672
2010-08-20,28.99,29.76,28.87,29.6,5757908
2010-08-23,29.76,30.34,29.12,29.16,6151608
2010-08-24,28.92,29.39,28.6,29.22,6406362
2010-08-25,29.12,29.4,28.78,28.94,5327368
2010-08-26,29.28,29.48,29.02,29.1,5778492
2010-08-27,29.17,29.41,28.66,29.34,5278088
2010-08-30,29.22,29.59,29.03,29.03,4289414
2010-08-31,29.04,29.24,28.7,28.97,5015016
2010-09-01,29.48,30.3,29.38,30.19,8061194
2010-09-02,30.32,30.79,30.26,30.76,4925160
2010-09-03,31.0,31.43,30.93,30.97,5711702
2010-09-07,30.93,31.14,30.62,30.83,3912098
2010-09-08,30.99,31.95,30.88,31.76,9404086
2010-09-09,31.89,31.92,31.16,31.4,6308900
2010-09-10,31.54,32.12,31.34,31.84,6376392
2010-09-13,32.01,32.94,32.0,32.84,7602314
2010-09-14,32.71,34.14,32.66,33.7,11695832
2010-09-15,33.65,33.78,33.24,33.48,5055286
2010-09-16,33.31,33.75,33.12,33.52,5089136
2010-09-17,33.58,34.37,33.5,34.1,6653474
2010-09-20,34.34,35.11,34.16,35.04,4299408
2010-09-21,35.24,35.24,34.21,34.6,5383292
2010-09-22,34.58,34.99,33.56,33.64,6745964
2010-09-23,33.52,34.63,33.2,34.22,6001574
2010-09-24,34.82,35.5,34.6,35.28,4871310
2010-09-27,35.14,35.34,34.71,34.74,3025100
2010-09-28,34.68,35.96,34.06,35.53,6997518
2010-09-29,35.72,35.72,34.78,35.1,5351248
2010-09-30,35.38,35.81,34.07,34.12,7194726
2010-10-01,34.6,35.4,33.82,33.97,6088938
2010-10-04,34.0,34.16,32.92,33.7,8815272
2010-10-05,34.06,35.22,33.94,35.0,5255792
2010-10-06,34.66,34.67,29.79,30.08,35987542
2010-10-07,30.52,30.55,29.02,30.23,17555670
2010-10-08,30.42,30.48,29.27,29.83,10155304
2010-10-11,29.72,29.77,27.72,27.84,20216258
2010-10-12,27.92,28.83,27.56,28.72,14579888
2010-10-13,28.72,29.48,28.28,29.36,12459544
2010-10-14,29.34,29.55,28.86,29.46,6811290
2010-10-15,29.63,29.8,29.28,29.6,7253228
2010-10-18,29.58,30.0,28.86,29.26,7731212
2010-10-19,28.5,28.88,28.14,28.38,8650458
2010-10-20,28.7,28.82,28.28,28.36,8223902
2010-10-21,28.6,29.78,28.5,29.21,14030196
2010-10-22,29.0,30.98,28.8,30.4,21700362
2010-10-25,30.24,30.93,30.08,30.69,10256966
2010-10-26,30.6,31.75,30.5,31.58,8540422
2010-10-27,31.71,32.68,31.6,32.66,9523210
2010-10-28,32.7,32.9,31.8,32.38,5614102
2010-10-29,32.37,32.6,31.84,32.06,7300376
2010-11-01,32.68,32.68,31.86,32.1,5985758
2010-11-02,32.22,32.88,32.22,32.72,4424766
2010-11-03,32.62,32.8,31.99,32.68,3813558
2010-11-04,33.06,33.25,32.54,32.96,4649718
2010-11-05,33.16,33.16,32.32,32.66,3910324
2010-11-08,32.5,32.76,32.25,32.69,2969182
2010-11-09,32.66,32.87,32.1,32.31,3999304
2010-11-10,32.34,33.2,32.15,33.2,5368276
2010-11-11,32.6,33.75,32.16,33.4,7208614
2010-11-12,32.96,33.4,32.06,32.4,5073508
2010-11-15,32.59,32.64,31.86,31.96,4743696
2010-11-16,31.62,31.99,30.8,31.13,6223702
2010-11-17,31.13,32.06,31.1,31.7,6387634
2010-11-18,32.11,33.1,32.0,32.47,5549626
2010-11-19,32.62,33.52,32.52,32.96,5845188
2010-11-22,32.98,34.12,32.78,34.01,5779044
2010-11-23,33.56,33.72,32.55,33.15,8591370
2010-11-24,33.38,34.88,33.28,34.32,6926378
2010-11-26,34.08,34.72,33.9,34.37,2372992
2010-11-29,33.96,34.38,33.06,33.69,5396280
2010-11-30,33.24,33.7,33.02,33.22,10746292
2010-12-01,33.78,34.8,33.7,34.45,4648532
2010-12-02,34.46,35.02,34.43,34.81,6165110
2010-12-03,34.72,35.71,34.48,35.13,4833050
2010-12-06,34.96,35.29,34.38,34.78,3525856
2010-12-07,35.06,35.78,34.9,35.44,5986800
2010-12-08,35.62,35.74,34.73,35.14,4561118
2010-12-09,35.19,35.36,34.7,35.1,2409728
2010-12-10,35.16,35.62,34.67,35.44,3008652
2010-12-13,35.52,35.6,34.5,34.54,3875510
2010-12-14,34.45,34.66,33.74,34.27,7385432
2010-12-15,34.22,34.91,33.76,33.84,4745040
2010-12-16,33.76,34.7,33.48,34.58,3657910
2010-12-17,34.62,35.0,34.38,34.6,6920732
2010-12-20,34.72,34.8,34.05,34.44,2338848
2010-12-21,34.5,34.89,34.18,34.88,1965690
2010-12-22,34.77,34.86,33.98,34.22,2406888
2010-12-23,34.07,34.42,33.72,34.34,2180882
2010-12-27,34.3,34.76,33.68,34.54,1540906
2010-12-28,34.56,34.76,34.0,34.25,1268636
2010-12-29,34.33,34.48,34.06,34.35,1577764
2010-12-30,34.33,34.4,33.95,34.19,1098422
2010-12-31,34.12,34.29,33.66,34.2,2248526
2011-01-03,34.56,35.47,33.9,33.98,6579156
2011-01-04,33.89,33.92,32.54,33.54,8215844
2011-01-05,33.34,34.24,33.32,33.98,4137938
2011-01-06,33.94,34.95,33.75,34.45,4374054
2011-01-07,34.56,34.56,33.7,34.21,3079274
2011-01-10,34.22,35.01,34.16,34.87,5040302
2011-01-11,34.94,35.02,33.9,33.99,4389098
2011-01-12,34.28,34.46,33.84,34.04,3773682
2011-01-13,34.0,34.11,33.62,33.84,4114084
2011-01-14,33.86,34.1,33.73,34.02,5140070
2011-01-18,34.0,34.23,33.64,33.94,3341306
2011-01-19,33.88,34.04,33.64,33.9,5694650
2011-01-20,33.12,33.15,31.54,32.68,11795146
2011-01-21,32.92,33.3,32.53,32.62,5688350
2011-01-24,32.58,32.84,32.16,32.35,5949788
2011-01-25,31.96,31.98,30.72,30.98,11186000
2011-01-26,30.9,32.26,30.62,31.76,10547042
2011-01-27,33.3,33.72,32.11,32.42,13547164
2011-01-28,32.54,32.88,31.42,31.88,5899386
2011-01-31,31.72,31.86,31.38,31.59,4580542
2011-02-01,31.76,32.74,31.61,32.53,5815912
2011-02-02,32.38,33.07,32.37,32.89,4143646
2011-02-03,32.68,32.74,31.95,32.59,3493534
2011-02-04,32.58,33.28,32.31,33.2,4093326
2011-02-07,33.24,33.47,32.85,33.16,3591048
2011-02-08,33.09,33.18,32.72,32.84,2861022
2011-02-09,32.69,32.88,32.42,32.58,2903182
2011-02-10,32.4,34.46,32.35,34.32,6833544
2011-02-11,34.0,35.32,34.0,34.9,6200574
2011-02-14,34.89,36.81,34.89,36.38,9313974
2011-02-15,36.12,36.6,35.81,35.95,5167296
2011-02-16,36.13,36.42,35.78,36.21,4458456
2011-02-17,36.0,36.42,35.94,36.2,3412416
2011-02-18,36.22,36.52,35.74,36.32,4331254
2011-02-22,35.82,36.02,34.57,34.7,5359660
2011-02-23,34.62,34.82,33.38,33.72,5116824
2011-02-24,33.71,34.45,33.48,34.12,3624158
2011-02-25,34.36,35.83,34.32,35.46,4934414
2011-02-28,35.46,35.68,34.6,35.08,3964200
2011-03-01,35.21,35.5,33.96,34.3,5037542
2011-03-02,34.24,35.23,34.2,34.95,3592662
2011-03-03,35.24,35.66,35.01,35.25,3806714
2011-03-04,35.22,36.0,35.1,35.94,4369618
2011-03-07,35.94,36.3,35.19,35.6,4722390
2011-03-08,35.7,36.6,35.48,36.24,4636696
2011-03-09,36.01,37.0,35.5,36.4,5293920
2011-03-10,35.9,35.9,34.8,35.2,4797748
2011-03-11,35.05,36.0,35.0,35.87,2825480
2011-03-14,35.52,35.92,35.02,35.53,3033368
2011-03-15,34.24,35.0,34.1,34.67,5067038
2011-03-16,34.34,35.06,33.61,33.87,7354730
2011-03-17,34.44,34.46,33.58,33.88,5425842
2011-03-18,34.2,34.68,33.25,33.32,6093034
2011-03-21,33.72,34.4,33.5,34.16,2729496
2011-03-22,34.15,34.17,33.29,33.42,3712758
2011-03-23,33.33,34.1,32.92,33.96,3590342
2011-03-24,34.3,35.31,34.3,35.17,5267334
2011-03-25,35.44,35.62,34.91,35.07,3210384
2011-03-28,35.22,35.22,34.76,34.8,2513638
2011-03-29,34.8,35.26,34.32,35.02,3220394
2011-03-30,35.34,36.54,35.32,36.12,5061376
2011-03-31,36.26,36.86,35.98,36.73,3806962
2011-04-01,37.04,37.92,36.84,37.63,6457464
2011-04-04,37.93,38.3,37.42,37.7,3494506
2011-04-05,37.86,38.42,37.58,37.82,4586004
2011-04-06,38.02,38.12,36.01,36.59,5245108
2011-04-07,36.6,37.15,36.38,37.06,3375340
2011-04-08,37.19,37.22,36.37,36.71,3180218
2011-04-11,36.78,37.74,36.76,37.43,5106480
2011-04-12,37.25,37.48,36.7,36.82,4318134
2011-04-13,37.12,37.7,36.89,37.4,4083410
2011-04-14,37.03,37.65,36.86,37.04,4081798
2011-04-15,37.2,37.24,36.46,37.23,3707664
2011-04-18,36.66,36.78,35.72,36.37,3615914
2011-04-19,36.46,36.49,35.78,36.3,3353678
2011-04-20,37.02,38.26,37.02,37.94,5647134
2011-04-21,38.0,38.53,37.91,38.18,2490510
2011-04-25,38.29,38.94,38.24,38.94,2547520
2011-04-26,39.02,39.09,38.1,38.6,4806374
2011-04-27,38.78,38.92,38.18,38.92,5275820
2011-04-28,41.22,43.48,40.92,42.68,13501372
2011-04-29,42.49,42.56,42.02,42.17,9025222
2011-05-02,42.34,42.4,41.2,41.28,4903892
2011-05-03,41.06,41.52,40.04,40.7,3821472
2011-05-04,40.46,40.72,39.38,40.3,4883548
2011-05-05,40.04,41.42,39.76,40.55,4324664
2011-05-06,41.25,41.55,40.5,40.88,3886610
2011-05-09,40.91,41.16,40.3,40.82,2233830
2011-05-10,41.0,42.12,40.7,41.94,3200886
2011-05-11,41.89,42.92,40.96,41.17,4114240
2011-05-12,41.08,42.42,40.52,41.99,4265616
2011-05-13,42.07,42.62,41.73,41.86,2397040
2011-05-16,41.79,41.83,40.28,40.57,3526172
2011-05-17,40.44,40.82,39.99,40.78,3518046
2011-05-18,40.6,41.48,40.33,41.4,3010866
2011-05-19,41.62,41.86,41.02,41.52,2728942
2011-05-20,42.01,42.56,41.72,42.14,4173474
2011-05-23,41.5,41.58,40.64,41.05,3760568
2011-05-24,41.23,41.5,40.53,40.82,2760666
2011-05-25,40.79,41.48,40.63,41.22,2463504
2011-05-26,41.06,43.25,40.76,43.2,7016588
2011-05-27,43.32,43.99,43.08,43.58,5409540
2011-05-31,43.88,44.18,43.17,43.81,5783400
2011-06-01,43.68,44.24,42.36,42.42,5198416
2011-06-02,42.33,43.41,42.2,43.05,3397122
2011-06-03,42.46,42.54,41.67,41.78,3378740
2011-06-06,41.52,41.98,41.01,41.08,2658962
2011-06-07,40.24,41.29,40.0,40.99,5260924
2011-06-08,40.8,40.82,39.74,40.16,4283010
2011-06-09,40.31,40.9,40.04,40.74,3340316
2011-06-10,40.4,40.74,39.91,40.0,2943830
2011-06-13,40.18,40.48,39.44,39.9,3229070
2011-06-14,40.12,40.98,39.9,40.77,3289986
2011-06-15,40.3,40.53,38.63,38.71,5662240
2011-06-16,38.71,38.8,37.46,37.9,6124986
2011-06-17,38.47,38.49,36.75,37.1,11600712
2011-06-20,36.93,37.42,36.63,37.4,6405116
2011-06-21,37.58,38.7,37.16,38.6,4603952
2011-06-22,38.33,38.48,37.94,38.05,2354322
2011-06-23,37.74,38.68,37.3,38.58,3780530
2011-06-24,38.32,38.89,37.98,38.12,3865160
2011-06-27,38.04,39.7,37.72,39.47,4524410
2011-06-28,39.49,40.16,39.32,39.65,3865406
2011-06-29,39.74,39.78,39.06,39.15,2936740
2011-06-30,39.34,40.01,39.28,40.0,3223268
2011-07-01,40.16,40.66,39.98,40.39,3373156
2011-07-05,40.37,40.74,39.96,40.53,2569922
2011-07-06,40.54,41.36,40.2,41.11,3382348
2011-07-07,41.55,42.0,41.3,41.34,2769136
2011-07-08,40.88,41.49,40.64,41.49,1789410
2011-07-11,40.96,41.3,39.38,39.6,4136666
2011-07-12,39.7,39.87,37.92,38.18,5986258
2011-07-13,38.54,38.77,37.5,37.94,5058994
2011-07-14,38.18,38.18,36.86,37.2,6575802
2011-07-15,37.46,38.32,37.14,38.24,4113150
2011-07-18,38.0,38.24,37.12,37.59,2721554
2011-07-19,37.96,38.74,37.96,38.72,3107666
2011-07-20,39.06,39.46,37.58,37.64,4313354
2011-07-21,37.6,38.1,36.44,36.94,5502098
2011-07-22,36.99,37.9,36.99,37.64,3050494
2011-07-25,37.32,37.72,37.1,37.24,2064814
2011-07-26,37.35,37.43,36.3,37.26,4361582
2011-07-27,36.92,36.98,35.38,35.47,7596032
2011-07-28,34.85,37.08,34.78,36.41,10501656
2011-07-29,35.94,36.7,35.38,36.02,6894300
2011-08-01,36.33,36.42,34.9,35.44,5415144
2011-08-02,35.08,35.2,33.95,35.06,10789518
2011-08-03,35.04,35.46,33.95,35.42,5981608
2011-08-04,34.83,34.98,32.6,32.67,7208934
2011-08-05,33.41,34.35,31.14,32.2,10512274
2011-08-08,30.9,31.63,28.38,29.09,13302066
2011-08-09,29.56,30.96,28.78,30.95,11780250
2011-08-10,30.26,31.0,29.58,29.64,5784258
2011-08-11,29.74,31.26,29.68,30.87,6815728
2011-08-12,30.95,31.14,30.22,30.38,8163406
2011-08-15,30.57,31.3,30.4,31.01,4267688
2011-08-16,30.64,30.76,29.0,29.83,10794442
2011-08-17,29.99,30.14,28.65,29.35,8109494
2011-08-18,28.07,28.15,25.66,25.98,13543190
2011-08-19,25.76,26.62,25.1,25.16,9632988
2011-08-22,25.72,26.68,25.52,25.88,9378432
2011-08-23,26.02,27.23,25.66,27.23,8403614
2011-08-24,27.14,27.92,26.51,27.54,6984604
2011-08-25,27.46,28.04,26.74,26.9,5107172
2011-08-26,26.76,27.98,26.54,27.6,7017220
2011-08-29,28.06,28.88,27.88,28.86,5985046
2011-08-30,28.67,29.38,28.32,29.16,8247228
2011-08-31,29.38,30.8,29.38,30.22,10870378
2011-09-01,30.2,30.77,29.54,29.68,6007292
2011-09-02,28.98,29.25,28.46,28.68,4880354
2011-09-06,27.78,28.16,27.14,28.07,5482214
2011-09-07,28.63,29.17,28.38,28.98,4337904
2011-09-08,28.96,28.99,28.04,28.16,5742306
2011-09-09,27.84,28.22,26.48,26.79,7595976
2011-09-12,26.54,27.36,26.35,27.36,4560006
2011-09-13,27.5,27.64,27.09,27.57,4750136
2011-09-14,27.68,28.7,27.28,28.3,5909468
2011-09-15,28.56,29.16,28.25,28.88,6067868
2011-09-16,29.0,29.27,28.5,29.12,4579668
2011-09-19,28.63,28.76,27.76,28.02,4929218
2011-09-20,28.36,28.56,27.36,27.42,5444390
2011-09-21,27.62,28.72,27.48,27.5,7082210
2011-09-22,26.66,27.3,25.6,26.1,7576642
2011-09-23,25.74,26.66,25.74,26.56,5795378
2011-09-26,26.64,27.87,26.56,27.79,5765202
2011-09-27,28.32,29.48,28.3,28.98,5981380
2011-09-28,29.0,29.41,28.72,28.8,6260624
2011-09-29,29.3,29.6,27.72,28.43,6837990
2011-09-30,27.96,28.5,27.26,27.26,6090618
2011-10-03,27.0,27.23,26.4,26.48,5822670
2011-10-04,26.03,28.02,25.8,27.98,5436036
2011-10-05,27.89,28.06,27.24,27.98,4934206
2011-10-06,28.03,28.26,27.6,27.82,8001680
2011-10-07,27.86,27.96,26.81,27.47,8572282
2011-10-10,28.04,29.0,27.97,29.0,6151788
2011-10-11,28.8,30.66,28.61,30.6,7672006
2011-10-12,31.25,31.82,30.98,31.06,8259830
2011-10-13,30.93,31.35,30.75,31.17,4221040
2011-10-14,31.7,32.36,30.97,31.51,4902876
2011-10-17,31.38,31.75,30.8,31.1,3470664
2011-10-18,31.27,32.5,30.98,32.25,5406342
2011-10-19,32.66,33.18,31.7,32.09,6396194
2011-10-20,32.16,32.43,31.12,32.0,3757994
2011-10-21,32.38,32.51,31.68,32.22,2972804
2011-10-24,32.26,33.29,32.24,33.06,2916096
2011-10-25,33.0,33.03,32.5,32.64,3644844
2011-10-26,33.1,33.32,31.3,32.11,8819382
2011-10-27,37.44,39.0,36.48,37.68,15734732
2011-10-28,36.98,37.79,35.72,36.68,7946548
2011-10-31,36.4,36.99,35.96,36.42,6608092
2011-11-01,35.46,36.08,34.65,35.06,5208958
2011-11-02,35.46,36.22,35.12,35.78,4865204
2011-11-03,36.22,37.39,35.46,37.26,6345496
2011-11-04,36.81,37.48,36.33,37.12,3681134
2011-11-07,37.05,37.3,35.76,36.8,3115988
2011-11-08,37.1,37.24,36.25,37.14,3024020
2011-11-09,36.18,36.38,35.26,35.39,3505104
2011-11-10,35.88,35.94,34.81,35.54,3130418
2011-11-11,36.07,37.32,35.96,37.0,3549110
2011-11-14,37.01,38.02,36.9,37.29,4204578
2011-11-15,37.14,38.22,37.14,37.98,3325490
2011-11-16,37.7,38.87,37.48,37.64,4229126
2011-11-17,37.52,37.56,35.6,36.22,4408206
2011-11-18,35.94,36.0,35.02,35.27,4413908
2011-11-21,34.9,34.96,33.64,34.46,4697624
2011-11-22,34.43,34.64,33.84,34.08,2980252
2011-11-23,33.8,33.97,32.58,32.74,3270308
2011-11-25,32.47,33.16,32.22,32.24,1340956
2011-11-28,33.13,34.4,33.13,34.2,3953830
2011-11-29,34.12,34.42,33.1,33.16,3976340
2011-11-30,34.28,35.72,34.26,35.7,5734088
2011-12-01,35.58,36.14,35.38,35.68,2309720
2011-12-02,36.03,36.36,35.35,35.39,1700674
2011-12-05,36.24,37.37,36.2,36.5,3746382
2011-12-06,36.64,37.07,36.35,36.62,2125642
2011-12-07,36.45,36.45,35.51,36.07,2229044
2011-12-08,35.69,35.98,34.82,34.91,2363592
2011-12-09,35.06,35.84,34.92,35.63,2684406
2011-12-12,35.15,35.22,33.9,34.4,3808644
2011-12-13,34.71,35.0,33.03,33.18,3574970
2011-12-14,32.88,33.0,31.58,31.96,3725126
2011-12-15,32.52,32.68,31.43,31.94,3398490
2011-12-16,32.12,33.24,31.72,32.04,5599882
2011-12-19,32.24,32.39,30.66,30.76,4059504
2011-12-20,31.36,31.74,30.8,31.69,3519974
2011-12-21,30.81,30.85,28.4,29.23,9651726
2011-12-22,29.47,30.68,29.23,30.66,4862582
2011-12-23,30.61,31.17,30.38,31.02,2922510
2011-12-27,30.98,31.38,30.94,30.99,1765998
2011-12-28,30.82,31.06,30.28,30.39,2962554
2011-12-29,30.48,30.74,30.24,30.67,2216872
2011-12-30,30.55,30.7,30.14,30.36,2714710
2012-01-03,31.2,31.66,30.5,30.98,3937742
2012-01-04,31.0,31.38,30.54,30.93,5022624
2012-01-05,30.75,32.1,30.69,31.82,5151724
2012-01-06,31.72,31.74,30.08,31.01,8017102
2012-01-09,31.12,31.4,30.68,31.15,2845110
2012-01-10,31.65,32.36,31.4,32.06,4531896
2012-01-11,32.2,32.93,32.1,32.54,3429440
2012-01-12,32.77,32.87,32.27,32.72,4616418
2012-01-13,33.44,33.6,32.08,32.42,3776522
2012-01-17,32.84,33.37,32.68,32.84,3163770
2012-01-18,32.85,34.07,32.82,33.78,4708344
2012-01-19,34.46,35.39,34.32,34.69,5930948
2012-01-20,34.43,34.44,33.82,34.06,5551586
2012-01-23,34.16,34.36,33.4,34.06,4411440
2012-01-24,34.38,35.16,33.83,33.92,7276514
2012-01-25,34.0,34.4,33.24,33.8,9717262
2012-01-26,34.5,35.18,32.03,32.5,12142856
2012-01-27,32.13,33.04,31.88,32.57,5095778
2012-01-30,32.23,32.92,31.88,32.52,3302080
2012-01-31,32.7,32.78,32.15,32.6,2593676
2012-02-01,32.82,33.49,32.61,33.26,3471468
2012-02-02,33.18,33.85,33.14,33.64,3453450
2012-02-03,34.04,34.49,33.84,34.39,3479136
2012-02-06,34.32,34.76,34.16,34.72,3720698
2012-02-07,34.74,35.82,34.6,35.34,6066442
2012-02-08,35.35,35.74,35.06,35.66,4493020
2012-02-09,35.66,36.17,35.54,35.99,3118484
2012-02-10,35.68,35.79,35.35,35.73,2796590
2012-02-13,36.0,36.96,35.97,36.81,3468910
2012-02-14,36.59,37.01,36.49,36.94,2493710
2012-02-15,37.42,38.22,36.98,37.08,5621826
2012-02-16,37.2,37.96,37.06,37.78,2874182
2012-02-17,37.95,37.99,37.24,37.38,3399828
2012-02-21,37.31,37.54,36.6,36.81,3775336
2012-02-22,36.86,37.02,36.58,36.66,2924218
2012-02-23,36.6,36.96,36.06,36.89,2819048
2012-02-24,37.38,37.79,36.92,37.58,3421698
2012-02-27,37.16,37.88,36.89,37.62,2062134
2012-02-28,37.64,37.88,37.2,37.42,1761856
2012-02-29,37.5,38.25,37.32,37.37,3302976
2012-03-01,37.62,38.36,37.36,38.13,2539468
2012-03-02,37.95,38.1,37.42,37.72,2234710
2012-03-05,37.62,37.72,36.14,36.76,4326816
2012-03-06,36.5,36.5,35.62,35.91,3241684
2012-03-07,36.04,36.2,35.65,35.91,4254808
2012-03-08,36.22,37.68,36.19,37.62,7859920
2012-03-09,37.68,38.4,37.68,38.14,3419712
2012-03-12,38.14,38.62,37.94,38.61,2860740
2012-03-13,38.91,39.88,38.81,39.86,3972680
2012-03-14,39.66,39.99,39.02,39.12,3587908
2012-03-15,39.28,39.64,38.81,39.6,2006798
2012-03-16,39.48,39.7,39.01,39.1,3114454
2012-03-19,39.05,39.48,38.71,39.1,2062894
2012-03-20,38.81,38.88,38.32,38.4,3256428
2012-03-21,38.51,39.53,38.5,39.24,2410802
2012-03-22,38.77,39.28,38.56,39.23,2458280
2012-03-23,39.17,39.31,38.64,38.84,2873174
2012-03-26,39.27,40.25,39.1,40.25,3479076
2012-03-27,40.18,40.35,39.54,39.68,2968018
2012-03-28,39.56,40.0,38.72,39.2,2874386
2012-03-29,38.96,39.42,38.75,39.19,2768646
2012-03-30,39.5,39.81,39.11,39.46,3760206
2012-04-02,39.56,40.3,38.93,39.98,2343554
2012-04-03,39.82,40.18,39.42,39.74,2477238
2012-04-04,39.28,39.35,38.72,39.01,2385212
2012-04-05,38.64,39.14,38.44,39.14,1763752
2012-04-09,38.4,38.44,37.61,37.88,2690138
2012-04-10,37.86,38.16,36.8,36.86,3626202
2012-04-11,36.56,37.51,36.38,37.02,3340610
2012-04-12,37.28,37.56,37.08,37.43,3106220
2012-04-13,37.37,38.02,37.36,37.56,2816984
2012-04-16,37.78,38.18,37.1,37.78,2333982
2012-04-17,38.36,39.25,38.12,38.98,4543874
2012-04-18,38.86,39.62,38.74,39.09,3203996
2012-04-19,39.42,40.42,38.9,39.1,4344376
2012-04-20,39.24,39.66,38.87,38.89,2219256
2012-04-23,38.46,38.56,37.58,38.42,3390674
2012-04-24,38.52,38.55,37.06,37.26,3547460
2012-04-25,37.76,38.72,37.58,38.58,5364120
2012-04-26,43.18,44.0,41.5,43.38,13007464
2012-04-27,42.62,43.08,42.46,42.89,6618974
2012-04-30,42.64,43.22,42.36,42.8,3833762
2012-05-01,42.71,43.75,42.5,43.65,4265204
2012-05-02,43.15,43.87,43.06,43.62,3234624
2012-05-03,43.53,43.84,42.41,42.72,3562488
2012-05-04,42.48,42.65,41.08,41.42,4790128
2012-05-07,41.36,41.85,41.04,41.47,3678482
2012-05-08,41.03,41.14,39.52,40.78,6486110
2012-05-09,40.32,41.32,39.61,40.93,4500694
2012-05-10,41.25,41.43,39.0,39.18,7807952
2012-05-11,39.06,40.41,38.64,39.73,3548218
2012-05-14,39.42,39.66,38.93,39.1,2999480
2012-05-15,39.23,40.16,39.12,39.4,3934530
2012-05-16,39.55,40.04,38.3,38.58,3494374
2012-05-17,38.56,38.94,37.62,37.62,4568862
2012-05-18,38.06,38.42,37.3,37.41,4387756
2012-05-21,37.71,39.06,36.92,38.88,3447616
2012-05-22,38.94,39.52,38.49,39.32,3681856
2012-05-23,38.78,39.8,38.48,39.72,3043872
2012-05-24,39.62,39.72,37.56,37.84,6191594
2012-05-25,37.93,38.12,37.6,37.72,3644758
2012-05-29,38.1,38.18,37.24,37.93,5076038
2012-05-30,37.57,37.57,36.26,36.98,5451186
2012-05-31,36.94,37.12,35.92,36.54,4047934
2012-06-01,35.18,36.04,35.1,35.4,5549446
2012-06-04,35.52,36.17,34.94,36.14,4342462
2012-06-05,35.89,36.9,35.82,36.84,3674022
2012-06-06,37.1,38.66,36.94,38.48,4580282
2012-06-07,39.02,39.08,37.84,37.96,3649654
2012-06-08,37.76,38.68,37.5,38.56,2895772
2012-06-11,38.85,39.08,37.52,37.59,2510884
2012-06-12,37.7,38.4,37.46,38.38,3002460
2012-06-13,38.22,38.88,37.68,37.92,3084414
2012-06-14,38.02,38.76,37.57,38.38,3323318
2012-06-15,38.64,40.1,38.5,40.06,4470078
2012-06-18,39.9,40.34,39.08,40.22,3542780
2012-06-19,40.7,41.42,40.22,40.48,2720064
2012-06-20,40.56,40.92,40.01,40.44,2176544
2012-06-21,40.57,40.57,38.95,39.02,4188490
2012-06-22,39.36,40.22,39.18,40.07,2859738
2012-06-25,39.64,39.64,38.58,39.12,2521400
2012-06-26,39.24,40.08,39.0,39.9,2977712
2012-06-27,39.84,40.72,39.84,40.26,2785764
2012-06-28,39.84,40.17,38.4,39.06,3365588
2012-06-29,40.37,41.98,40.33,41.97,4792014
2012-07-02,42.04,42.18,41.56,42.0,1916050
2012-07-03,42.04,42.82,41.86,42.81,1371822
2012-07-05,42.69,42.8,41.74,41.89,2747242
2012-07-06,40.5,40.5,38.08,38.72,8761012
2012-07-09,38.82,39.0,37.94,38.28,5062468
2012-07-10,38.88,39.48,37.95,38.07,3764554
2012-07-11,38.2,38.59,37.29,37.59,3910990
2012-07-12,37.43,38.82,37.06,37.98,3322318
2012-07-13,37.95,38.42,37.6,38.32,2763578
2012-07-16,38.0,38.88,37.89,38.18,2913750
2012-07-17,38.42,38.64,37.26,38.29,2503076
2012-07-18,39.14,40.8,38.88,40.74,5125756
2012-07-19,41.05,41.49,40.33,41.32,4991380
2012-07-20,41.16,41.16,40.28,40.38,3101600
2012-07-23,39.1,39.31,37.46,38.88,5352022
2012-07-24,38.84,39.5,38.02,38.38,3859020
2012-07-25,38.39,38.92,37.22,37.56,8620882
2012-07-26,36.16,38.39,35.86,37.11,12635428
2012-07-27,37.38,39.17,36.96,38.9,6724694
2012-07-30,38.57,38.66,35.76,36.62,11376088
2012-07-31,36.81,37.16,36.22,36.34,5976588
2012-08-01,36.48,36.66,34.56,34.66,7433496
2012-08-02,34.36,35.56,34.08,34.7,6177990
2012-08-03,35.48,36.51,34.75,36.22,5497730
2012-08-06,36.32,36.59,35.91,36.34,3442724
2012-08-07,36.52,37.38,36.46,37.18,3365266
2012-08-08,37.18,37.21,36.48,36.62,2216012
2012-08-09,36.58,37.88,36.45,37.78,4982416
2012-08-10,37.56,38.14,37.3,38.13,5307846
2012-08-13,38.06,38.32,37.78,37.99,4238528
2012-08-14,38.06,38.17,37.6,37.74,4157990
2012-08-15,37.58,37.88,37.3,37.53,2543478
2012-08-16,37.94,38.58,37.58,38.42,4117574
2012-08-17,38.46,39.22,38.12,39.04,3942392
2012-08-20,38.94,39.08,38.16,38.38,2990202
2012-08-21,38.7,39.11,38.42,38.63,3267734
2012-08-22,38.36,38.94,37.96,38.84,2143184
2012-08-23,38.64,38.94,38.12,38.52,2326172
2012-08-24,38.32,38.66,37.92,38.5,2255254
2012-08-27,38.53,39.12,38.21,38.58,1754980
2012-08-28,38.44,38.83,38.21,38.52,2340208
2012-08-29,38.64,39.02,38.35,38.98,3199472
2012-08-30,38.65,38.75,38.28,38.49,2490990
2012-08-31,38.97,39.45,38.15,38.84,2972286
2012-09-04,38.72,39.26,38.36,39.0,2083782
2012-09-05,38.9,38.98,38.38,38.81,2828776
2012-09-06,39.12,40.89,38.95,40.88,5624624
2012-09-07,40.78,40.92,40.08,40.3,2760590
2012-09-10,40.28,40.61,40.06,40.17,2698374
2012-09-11,39.92,40.22,39.6,40.09,1938838
2012-09-12,40.22,40.5,39.96,40.14,2667968
2012-09-13,39.86,40.46,39.24,40.16,5601642
2012-09-14,40.24,41.06,40.0,40.87,5391326
2012-09-17,40.91,40.98,40.36,40.6,2705910
2012-09-18,40.44,40.88,40.2,40.38,2183966
2012-09-19,40.3,40.8,39.89,40.66,3103732
2012-09-20,40.51,40.68,40.1,40.62,1900502
2012-09-21,40.8,41.3,40.5,40.6,4016462
2012-09-24,39.14,39.32,37.94,38.5,6015324
2012-09-25,38.6,38.89,37.49,37.64,4318288
2012-09-26,37.56,37.82,36.76,37.1,4211108
2012-09-27,37.38,38.06,37.2,37.91,2674102
2012-09-28,37.69,38.72,37.68,38.26,4541578
2012-10-01,38.48,38.91,37.68,37.94,2621712
2012-10-02,38.13,38.33,37.46,37.74,2920512
2012-10-03,38.06,38.13,37.4,37.6,2932180
2012-10-04,36.93,37.45,36.47,37.32,5414156
2012-10-05,37.7,37.8,35.78,35.78,7074794
2012-10-08,34.8,35.94,34.73,35.3,8962288
2012-10-09,35.23,35.24,33.84,34.07,7675870
2012-10-10,34.08,34.7,34.04,34.35,5008082
2012-10-11,34.76,35.12,33.12,33.81,22566478
2012-10-12,34.51,34.98,33.44,33.85,7309622
2012-10-15,34.16,34.3,33.26,33.4,6006520
2012-10-16,33.36,34.4,33.2,34.32,6559814
2012-10-17,34.04,34.14,32.52,32.52,9992372
2012-10-18,32.48,33.03,32.1,32.46,6712920
2012-10-19,32.44,32.98,32.05,32.08,6290716
2012-10-22,32.18,32.25,31.31,31.95,6495576
2012-10-23,31.5,32.07,31.17,31.9,5224458
2012-10-24,32.34,32.43,31.51,32.04,10162168
2012-10-25,32.5,32.5,30.07,31.54,18069182
2012-10-26,31.4,32.14,31.18,31.41,5907984
2012-10-31,31.5,31.72,30.8,30.89,4850432
2012-11-01,31.02,31.9,30.74,31.86,5534542
2012-11-02,31.99,32.0,31.37,31.38,3546560
2012-11-05,31.37,31.52,30.9,31.46,3235458
2012-11-06,31.49,32.74,31.49,32.18,6856016
2012-11-07,31.96,31.96,31.04,31.05,3163678
2012-11-08,31.06,31.25,30.28,30.28,3422356
2012-11-09,29.65,30.4,29.65,30.08,4849452
2012-11-12,30.22,30.29,29.6,29.64,3702498
2012-11-13,29.4,29.44,28.79,28.96,5544016
2012-11-14,29.32,29.8,28.58,28.67,4233016
2012-11-15,28.68,29.01,28.28,28.88,5500608
2012-11-16,28.89,29.75,28.78,29.6,5536946
2012-11-19,30.15,30.6,30.0,30.58,5980978
2012-11-20,30.49,30.58,29.81,30.08,3711838
2012-11-21,30.08,30.98,30.07,30.95,5265778
2012-11-23,31.03,31.06,30.54,30.88,1678972
2012-11-26,30.81,31.28,30.65,31.08,3157638
2012-11-27,31.07,31.12,30.12,30.14,5540118
2012-11-28,30.12,30.46,29.18,30.42,9493460
2012-11-29,30.64,31.35,30.6,31.28,5769544
2012-11-30,31.3,31.55,30.44,30.58,5492974
2012-12-03,30.85,30.98,30.08,30.12,4286166
2012-12-04,30.19,30.76,30.12,30.51,5966520
2012-12-05,30.36,30.48,29.22,29.95,5694802
2012-12-06,29.87,30.4,29.76,30.02,4973472
2012-12-07,30.16,31.24,29.96,31.02,8690306
2012-12-10,30.92,31.68,30.92,31.28,5007470
2012-12-11,31.75,32.96,31.52,32.79,7467772
2012-12-12,32.94,33.05,31.9,31.99,4237112
2012-12-13,32.0,32.42,31.78,32.14,3299082
2012-12-14,32.04,32.62,31.95,32.51,3990664
2012-12-17,32.57,33.19,32.48,33.09,3223428
2012-12-18,33.15,33.7,33.09,33.62,4059408
2012-12-19,33.95,34.31,33.2,33.22,4268486
2012-12-20,33.22,33.34,32.58,32.78,6246876
2012-12-21,32.46,33.21,32.06,33.08,6952238
2012-12-24,33.04,33.08,32.5,32.65,884690
2012-12-26,32.78,33.36,32.52,32.75,1183134
2012-12-27,32.78,32.8,32.04,32.56,1587130
2012-12-28,32.36,32.72,32.15,32.15,1860788
2012-12-31,32.22,32.9,31.98,32.81,2431000
2013-01-02,33.56,34.22,33.2,34.08,4925140
2013-01-03,34.12,34.19,32.83,32.93,5148922
2013-01-04,33.04,33.54,32.76,33.28,3449252
2013-01-07,33.52,34.28,32.89,34.08,5428658
2013-01-08,34.1,34.4,33.62,34.23,5406876
2013-01-09,34.8,35.48,34.8,35.38,6986724
2013-01-10,35.54,35.74,34.59,35.24,5135170
2013-01-11,35.26,35.8,35.18,35.74,6756082
2013-01-14,35.74,36.26,34.94,35.36,4419480
2013-01-15,34.98,35.02,33.88,34.86,6184742
2013-01-16,34.62,34.83,34.3,34.44,4210964
2013-01-17,34.71,34.84,34.25,34.3,3425542
2013-01-18,34.31,34.48,33.59,33.82,5125426
2013-01-22,33.88,34.0,33.58,33.78,3984438
2013-01-23,34.04,34.74,33.82,34.42,4340542
2013-01-24,34.54,35.39,34.32,34.72,5689536
2013-01-25,34.82,35.86,34.52,35.78,4443510
2013-01-28,35.94,36.08,35.47,35.7,4045036
2013-01-29,33.5,34.98,33.1,34.36,9173304
2013-01-30,34.36,34.4,33.36,33.49,9566580
2013-01-31,37.64,37.75,36.34,36.58,12082656
2013-02-01,36.64,37.5,36.01,37.02,7145180
2013-02-04,36.93,37.28,36.1,36.34,6154378
2013-02-05,36.72,36.84,36.28,36.66,3797426
2013-02-06,36.34,36.7,36.21,36.32,3583966
2013-02-07,36.23,36.4,35.56,35.94,3885290
2013-02-08,35.93,36.7,35.92,36.46,3113236
2013-02-11,36.36,36.54,36.02,36.2,2932592
2013-02-12,36.34,36.95,36.13,36.8,3407158
2013-02-13,36.7,36.72,35.72,36.2,3545010
2013-02-14,36.02,36.22,35.81,36.0,3087058
2013-02-15,35.98,36.68,35.91,36.31,4582608
2013-02-19,36.38,36.78,36.28,36.73,3005094
2013-02-20,36.76,36.94,36.02,36.08,2938878
2013-02-21,35.96,36.0,35.22,35.7,3457882
2013-02-22,36.0,36.48,35.74,36.46,2336424
2013-02-25,36.63,37.05,35.5,35.6,3194610
2013-02-26,35.74,36.36,35.0,35.38,5091842
2013-02-27,35.38,35.83,35.08,35.52,3048466
2013-02-28,35.59,35.97,35.36,35.45,4182032
2013-03-01,35.46,35.98,34.94,35.68,4893566
2013-03-04,35.65,36.44,35.38,36.44,3306936
2013-03-05,36.64,37.12,36.56,36.92,2413612
2013-03-06,37.08,37.23,36.81,37.16,1946290
2013-03-07,37.16,37.33,36.89,37.13,1444960
2013-03-08,37.36,37.48,37.01,37.22,2212896
2013-03-11,37.04,37.5,37.04,37.32,1765730
2013-03-12,37.6,37.6,36.69,37.02,2029594
2013-03-13,37.16,37.48,36.7,37.28,2870590
2013-03-14,37.29,37.72,36.98,37.58,2594516
2013-03-15,37.38,37.75,36.87,36.9,4307936
2013-03-18,36.42,36.58,36.0,36.1,4118878
2013-03-19,36.21,36.25,35.26,35.65,4060882
2013-03-20,36.08,36.44,35.83,36.28,2752314
2013-03-21,35.77,36.22,35.51,36.0,3519904
2013-03-22,36.06,36.06,35.4,35.5,3569564
2013-03-25,35.54,35.68,34.94,35.06,5090438
2013-03-26,35.31,35.58,34.92,35.5,5418990
2013-03-27,35.2,35.92,34.9,35.7,2852012
2013-03-28,35.5,36.13,35.14,36.08,4280768
2013-04-01,36.16,36.32,35.6,35.72,2331908
2013-04-02,35.88,36.09,35.41,35.76,3248370
2013-04-03,35.8,35.85,35.14,35.22,3469128
2013-04-04,35.14,35.24,34.64,34.86,2817878
2013-04-05,33.44,34.57,32.0,34.45,7022256
2013-04-08,34.51,34.6,33.42,34.02,4982346
2013-04-09,34.12,34.18,33.34,33.61,5358808
2013-04-10,33.79,34.62,33.62,34.38,4611548
2013-04-11,34.22,34.73,33.92,34.56,5181018
2013-04-12,34.78,35.22,34.48,35.2,5243488
2013-04-15,35.1,35.32,34.4,34.48,4016218
2013-04-16,34.71,35.58,34.55,35.55,4930110
2013-04-17,35.2,35.62,34.32,34.54,4544866
2013-04-18,34.58,34.67,33.61,33.66,3632236
2013-04-19,33.57,33.92,33.1,33.58,4968982
2013-04-22,33.7,33.8,33.24,33.58,2524024
2013-04-23,33.84,34.17,33.53,33.91,3191662
2013-04-24,33.7,34.12,33.64,33.83,6849964
2013-04-25,32.12,32.4,31.1,31.47,18135436
2013-04-26,31.44,31.59,30.81,30.9,6143330
2013-04-29,30.94,31.24,30.77,31.08,4191954
2013-04-30,30.84,31.42,30.75,31.08,6823110
2013-05-01,30.98,31.42,30.94,31.1,4246004
2013-05-02,31.08,31.4,30.8,31.37,4575340
2013-05-03,31.76,31.92,31.5,31.74,4124662
2013-05-06,31.92,32.12,31.76,32.08,4795430
2013-05-07,32.06,32.36,31.9,32.06,2351736
2013-05-08,31.86,32.3,31.86,32.28,2715490
2013-05-09,32.52,32.99,32.06,32.78,5517742
2013-05-10,32.81,33.29,32.75,33.28,4529092
2013-05-13,33.16,33.22,32.78,32.9,3187438
2013-05-14,32.92,33.27,32.81,32.9,4557686
2013-05-15,32.87,32.92,32.4,32.58,6051310
2013-05-16,32.74,33.9,32.74,33.42,6737116
2013-05-17,33.54,33.86,33.18,33.42,5311552
2013-05-20,33.44,33.54,32.86,33.1,2907092
2013-05-21,33.18,33.44,32.82,33.18,2596024
2013-05-22,33.14,33.28,32.1,32.2,3890142
2013-05-23,31.78,32.19,31.68,31.82,3704924
2013-05-24,31.52,32.1,31.3,31.72,3306392
2013-05-28,31.96,32.66,31.94,32.26,3438864
2013-05-29,32.0,32.42,32.0,32.12,3176694
2013-05-30,32.22,32.82,32.01,32.66,2682994
2013-05-31,32.38,32.72,32.18,32.19,2592934
2013-06-03,32.19,32.38,31.25,31.67,4406496
2013-06-04,31.56,31.66,31.0,31.2,4876752
2013-06-05,31.85,32.17,31.37,31.42,5588860
2013-06-06,31.34,31.46,30.55,31.4,7557424
2013-06-07,31.23,31.88,31.23,31.8,3568100
2013-06-10,31.73,31.86,31.34,31.68,2875364
2013-06-11,31.48,31.88,31.16,31.4,3264418
2013-06-12,31.71,31.77,30.9,30.98,2448486
2013-06-13,30.92,31.08,30.66,30.98,3684890
2013-06-14,30.98,31.1,30.55,30.62,2926694
2013-06-17,30.88,31.11,30.62,30.68,4338542
2013-06-18,30.76,31.2,30.7,31.1,4649966
2013-06-19,31.16,31.36,30.62,30.62,3384594
2013-06-20,30.55,31.17,30.46,30.64,4347798
2013-06-21,30.65,30.65,29.79,29.99,7613896
2013-06-24,29.76,29.84,29.0,29.27,4857228
2013-06-25,29.34,29.76,29.21,29.27,3979292
2013-06-26,29.54,30.3,29.46,29.82,3678282
2013-06-27,29.92,30.47,29.9,30.4,3051260
2013-06-28,30.26,30.43,29.68,30.18,3579798
2013-07-01,30.34,30.82,30.28,30.6,5962204
2013-07-02,30.64,30.97,30.3,30.55,4605012
2013-07-03,30.3,31.04,30.25,30.95,2314610
2013-07-05,31.16,31.69,30.98,31.68,3067960
2013-07-08,31.86,31.86,31.5,31.66,2780120
2013-07-09,31.78,32.14,31.66,32.08,3590226
2013-07-10,32.04,32.66,31.94,32.64,3505724
2013-07-11,33.02,33.54,32.86,33.4,3691072
2013-07-12,33.48,33.86,33.4,33.7,3308708
2013-07-15,33.61,33.64,32.9,33.28,4325270
2013-07-16,33.24,33.31,32.88,33.24,3582448
2013-07-17,33.36,33.48,32.69,32.7,3516550
2013-07-18,32.34,32.8,32.22,32.38,4338694
2013-07-19,32.32,32.62,32.28,32.54,3810748
2013-07-22,32.83,33.04,32.54,33.0,2579848
2013-07-23,33.04,33.3,32.93,33.04,3131118
2013-07-24,33.51,34.12,33.5,33.74,7246276
2013-07-25,35.22,35.33,33.49,33.99,13338406
2013-07-26,33.96,33.96,33.28,33.89,6445574
2013-07-29,33.7,34.55,33.7,34.49,4966070
2013-07-30,34.68,35.44,34.52,35.28,6315230
2013-07-31,35.32,36.12,35.15,36.01,8101116
2013-08-01,36.14,36.86,36.14,36.4,5229908
2013-08-02,36.52,36.88,36.41,36.56,4533356
2013-08-05,36.47,36.75,36.36,36.54,2387894
2013-08-06,36.43,36.6,36.12,36.35,2936868
2013-08-07,36.17,36.42,35.88,35.99,2217022
2013-08-08,36.22,36.58,36.09,36.4,2318832
2013-08-09,36.32,36.6,36.17,36.48,2221266
2013-08-12,36.22,36.8,36.18,36.67,2151502
2013-08-13,36.81,37.03,36.34,36.84,1954732
2013-08-14,36.87,36.9,36.44,36.78,2055160
2013-08-15,36.28,36.36,36.03,36.28,3516128
2013-08-16,36.24,36.36,35.8,35.8,2530350
2013-08-19,35.86,36.3,35.68,35.75,3865844
2013-08-20,35.76,36.1,35.59,35.87,2468796
2013-08-21,35.71,36.1,35.59,35.85,3056104
2013-08-22,35.92,36.67,35.9,36.62,1764730
2013-08-23,36.37,36.72,36.25,36.36,2835626
2013-08-26,36.73,36.73,35.96,36.0,2322072
2013-08-27,35.71,35.78,35.08,35.17,2274296
2013-08-28,35.24,35.52,35.1,35.13,1430924
2013-08-29,35.14,35.9,34.92,35.59,1550876
2013-08-30,35.74,36.01,35.28,35.38,2053572
2013-09-03,35.78,36.2,35.26,35.6,1723362
2013-09-04,35.56,35.76,35.25,35.65,1705944
2013-09-05,35.57,35.85,35.43,35.54,1443604
2013-09-06,35.55,35.92,35.0,35.69,2084868
2013-09-09,35.84,36.07,35.6,35.98,1514344
2013-09-10,36.22,36.31,35.72,35.93,2514618
2013-09-11,35.88,36.46,35.88,36.25,2226764
2013-09-12,36.46,37.16,36.35,36.86,3345862
2013-09-13,36.93,36.93,36.41,36.9,1910360
2013-09-16,37.26,37.34,36.72,36.82,1994276
2013-09-17,36.9,37.14,36.69,37.0,2152170
2013-09-18,37.04,37.56,36.92,37.48,1726142
2013-09-19,37.75,38.36,37.64,38.16,3615268
2013-09-20,38.36,38.58,37.97,38.04,2979290
2013-09-23,37.9,38.0,37.17,37.19,2403554
2013-09-24,36.77,36.82,35.86,36.14,5615468
2013-09-25,36.28,36.47,35.84,35.88,2869298
2013-09-26,35.9,36.32,35.9,36.03,3026866
2013-09-27,35.86,36.14,35.36,35.4,3917856
2013-09-30,35.05,35.43,34.7,35.3,2915312
2013-10-01,35.38,35.64,35.29,35.46,1579702
2013-10-02,35.28,35.6,35.14,35.39,2239290
2013-10-03,35.2,35.4,34.26,34.44,3841642
2013-10-04,34.39,35.41,34.36,35.24,2318498
2013-10-07,35.33,35.87,35.0,35.22,2764112
2013-10-08,35.14,35.32,33.7,33.8,6280474
2013-10-09,33.98,34.0,33.24,33.33,7095482
2013-10-10,29.18,29.74,29.0,29.38,30898570
2013-10-11,29.52,29.92,29.38,29.54,6937984
2013-10-14,29.28,29.51,29.2,29.27,7495422
2013-10-15,29.23,29.25,28.48,28.57,9672942
2013-10-16,28.66,28.86,28.5,28.6,8934842
2013-10-17,28.45,28.66,28.24,28.62,10535920
2013-10-18,28.41,28.78,28.32,28.63,7867800
2013-10-21,28.66,28.85,28.42,28.45,5567848
2013-10-22,28.64,28.68,28.14,28.33,9856724
2013-10-23,28.25,28.5,27.71,28.04,10218962
2013-10-24,29.06,29.88,28.49,29.4,13024996
2013-10-25,29.41,29.54,28.93,28.99,6764582
2013-10-28,29.06,29.11,28.74,28.84,5074998
2013-10-29,28.84,29.04,28.52,28.6,5911846
2013-10-30,28.58,28.88,28.36,28.51,3383712
2013-10-31,28.44,28.78,28.32,28.39,4800522
2013-11-01,28.56,28.62,28.28,28.41,3534516
2013-11-04,28.6,28.94,28.51,28.83,5782528
2013-11-05,28.81,28.86,28.56,28.68,3527056
2013-11-06,28.77,29.98,28.76,29.86,7154464
2013-11-07,30.12,30.4,29.78,29.85,6850642
2013-11-08,29.9,30.17,29.49,29.9,5173140
2013-11-11,29.77,30.2,29.66,30.12,2859202
2013-11-12,29.98,30.56,29.88,30.48,4326606
2013-11-13,30.33,30.82,27.81,29.01,32228228
2013-11-14,28.85,28.89,27.26,27.48,26587890
2013-11-15,27.54,28.68,27.52,28.45,11687436
2013-11-18,28.52,28.82,28.22,28.58,5151846
2013-11-19,28.61,28.65,28.13,28.28,4542244
2013-11-20,28.21,28.81,28.2,28.7,5265188
2013-11-21,28.82,29.36,28.65,29.32,4177630
2013-11-22,29.29,29.58,29.05,29.5,5465904
2013-11-25,29.45,29.5,29.12,29.43,3380118
2013-11-26,29.44,29.56,29.21,29.38,4455518
2013-11-27,29.34,29.54,29.12,29.46,3082004
2013-11-29,29.7,29.85,29.31,29.66,2147246
2013-12-02,29.5,29.72,29.06,29.08,3451840
2013-12-03,29.02,29.29,28.84,29.08,2804840
2013-12-04,28.78,30.26,28.78,30.0,5918470
2013-12-05,29.88,30.0,29.2,29.4,3851504
2013-12-06,29.7,30.19,29.54,30.02,3892752
2013-12-09,30.01,30.22,29.56,29.66,3781146
2013-12-10,29.48,29.66,29.27,29.48,3049126
2013-12-11,29.54,29.56,28.94,28.96,2681558
2013-12-12,28.86,28.9,28.45,28.69,4987852
2013-12-13,28.74,29.08,28.64,29.0,4269284
2013-12-16,29.01,29.46,28.95,29.36,3582722
2013-12-17,29.25,29.27,28.84,28.96,2704806
2013-12-18,28.92,29.63,28.92,29.62,4408268
2013-12-19,29.68,29.92,29.54,29.56,2963084
2013-12-20,29.67,30.9,29.62,30.86,6647910
2013-12-23,30.92,30.97,30.42,30.62,3183910
2013-12-24,30.58,30.64,30.38,30.59,1483948
2013-12-26,30.54,30.66,30.32,30.62,1592822
2013-12-27,30.61,31.02,30.61,30.84,1773394
2013-12-30,30.8,31.52,30.69,31.47,3189994
2013-12-31,31.54,31.72,31.27,31.62,2216460
2014-01-02,31.52,31.6,30.98,31.24,2036710
2014-01-03,31.04,31.6,31.02,31.24,3379432
2014-01-06,31.21,31.35,30.49,30.5,4125386
2014-01-07,30.54,30.6,29.82,30.05,7443634
2014-01-08,30.06,30.64,29.82,30.64,5504476
2014-01-09,30.78,30.9,30.14,30.18,3835140
2014-01-10,30.42,30.43,29.8,30.06,3490688
2014-01-13,30.06,30.29,29.3,29.4,5229424
2014-01-14,29.48,30.05,29.38,30.03,6624874
2014-01-15,30.12,31.59,30.06,31.49,10735758
2014-01-16,31.05,31.4,30.53,30.68,8134124
2014-01-17,30.96,31.1,30.02,30.22,5746480
2014-01-21,30.44,30.77,30.14,30.74,6358232
2014-01-22,30.3,30.86,29.9,30.6,7670882
2014-01-23,30.32,30.6,29.35,29.84,6472360
2014-01-24,29.68,29.8,29.3,29.45,5179428
2014-01-27,29.57,29.58,29.0,29.07,7832594
2014-01-28,29.2,29.58,29.13,29.36,7614124
2014-01-29,29.26,29.26,28.68,28.8,9857788
2014-01-30,25.76,26.82,25.59,26.64,36290024
2014-01-31,27.38,27.6,26.98,27.04,12768150
2014-02-03,27.08,27.23,26.01,26.36,10825784
2014-02-04,26.38,26.86,26.3,26.81,10641528
2014-02-05,26.86,27.1,26.52,26.98,7390278
2014-02-06,27.08,27.42,26.88,27.12,6131462
2014-02-07,27.13,27.72,26.82,27.64,7720240
2014-02-10,27.53,27.92,27.51,27.7,4577338
2014-02-11,27.69,28.2,27.66,28.02,5733408
2014-02-12,28.05,28.36,27.95,28.12,7146524
2014-02-13,28.1,29.06,27.76,28.82,13407110
2014-02-14,28.29,28.82,28.25,28.57,10524966
2014-02-18,28.62,28.76,28.46,28.74,4933112
2014-02-19,28.61,28.9,28.56,28.62,3561110
2014-02-20,28.66,30.48,28.31,30.3,16777860
2014-02-21,30.5,30.56,29.62,29.9,7622594
2014-02-24,29.84,30.26,29.74,29.8,3781514
2014-02-25,30.0,30.14,29.61,30.12,4110008
2014-02-26,30.15,30.54,30.0,30.4,4674024
2014-02-27,30.4,30.54,30.14,30.46,2943422
2014-02-28,30.4,30.4,29.78,30.02,4890446
2014-03-03,29.65,30.04,29.58,29.91,3991602
2014-03-04,30.12,30.5,30.11,30.39,4058672
2014-03-05,30.4,31.38,30.2,31.28,8100304
2014-03-06,31.28,31.38,30.5,30.56,6788698
2014-03-07,30.58,30.96,30.25,30.5,3590284
2014-03-10,30.54,30.6,30.04,30.38,3617700
2014-03-11,30.36,30.66,30.08,30.16,3002018
2014-03-12,30.06,30.34,29.79,30.32,2611512
2014-03-13,30.44,30.62,29.76,30.01,3831350
2014-03-14,29.8,30.14,29.32,29.9,5445672
2014-03-17,30.04,30.55,30.04,30.4,4416384
2014-03-18,30.32,30.77,30.27,30.65,3276588
2014-03-19,30.6,31.16,30.39,30.92,4978798
2014-03-20,30.84,31.26,30.82,31.18,3885350
2014-03-21,31.46,31.46,30.56,31.01,6368312
2014-03-24,31.16,31.18,30.2,30.57,3716566
2014-03-25,30.73,30.96,30.32,30.45,3193540
2014-03-26,30.54,30.84,28.46,29.08,16023008
2014-03-27,28.99,29.32,28.58,29.12,7747058
2014-03-28,29.1,29.38,28.66,28.74,5497488
2014-03-31,28.76,28.98,28.42,28.72,7645468
2014-04-01,28.84,29.27,28.68,29.24,3151794
2014-04-02,29.24,29.68,29.24,29.36,3093680
2014-04-03,29.36,29.5,28.36,28.53,5725250
2014-04-04,28.67,28.67,27.86,28.26,7777664
2014-04-07,28.08,28.22,27.54,27.56,6695100
2014-04-08,27.53,28.3,27.53,28.2,5988654
2014-04-09,27.64,28.71,27.64,28.52,6631586
2014-04-10,28.54,28.58,27.58,27.62,7621408
2014-04-11,27.54,27.58,27.17,27.28,4353840
2014-04-14,27.51,27.68,27.2,27.34,5144586
2014-04-15,27.4,27.64,26.93,27.55,4632564
2014-04-16,27.78,28.12,27.56,27.96,4064536
2014-04-17,27.82,28.14,27.55,28.0,2736534
2014-04-21,28.02,28.32,27.93,28.28,3039390
2014-04-22,28.16,29.11,28.12,28.78,4805350
2014-04-23,28.62,28.66,27.95,28.0,8527374
2014-04-24,30.08,31.12,29.73,30.0,16888744
2014-04-25,30.2,30.45,29.52,29.71,18481622
2014-04-28,29.78,29.98,28.96,29.39,7851116
2014-04-29,29.54,29.56,28.98,29.18,8086604
2014-04-30,29.16,29.68,28.88,29.66,4666010
2014-05-01,30.08,30.13,29.56,29.62,5411702
2014-05-02,29.71,29.71,29.17,29.5,5961014
2014-05-05,29.42,29.68,29.3,29.63,5327664
2014-05-06,29.69,30.18,29.56,29.56,7016138
2014-05-07,29.58,30.12,29.35,30.06,8898068
2014-05-08,29.97,30.66,29.84,30.05,5193308
2014-05-09,30.0,30.16,29.64,29.97,4788574
2014-05-12,30.1,30.62,29.94,30.52,5295316
2014-05-13,30.5,30.56,30.12,30.18,5554504
2014-05-14,30.04,30.4,29.99,30.1,4433380
2014-05-15,30.28,30.5,29.64,30.41,9725996
2014-05-16,30.5,30.5,29.9,30.24,13647602
2014-05-19,30.17,30.64,30.09,30.49,4370130
2014-05-20,30.52,30.65,30.18,30.49,3559926
2014-05-21,30.49,30.91,30.49,30.64,3172808
2014-05-22,30.63,30.84,30.4,30.71,3332980
2014-05-23,30.72,30.78,30.47,30.72,2819508
2014-05-27,30.84,30.88,30.42,30.56,7859906
2014-05-28,30.59,30.62,30.17,30.43,9823944
2014-05-29,30.48,30.95,30.37,30.83,7957628
2014-05-30,30.92,31.22,30.78,30.98,11911398
2014-06-02,31.0,31.0,30.5,30.7,4025230
2014-06-03,30.63,30.73,30.28,30.42,5284384
2014-06-04,30.34,30.41,30.15,30.28,4106432
2014-06-05,30.3,30.7,30.15,30.6,4942428
2014-06-06,30.74,31.08,30.62,31.03,3446878
2014-06-09,30.96,31.54,30.96,31.38,5760188
2014-06-10,31.41,32.26,31.32,32.08,11358748
2014-06-11,31.94,32.32,31.8,32.3,4703506
2014-06-12,32.11,32.22,31.75,31.82,6932716
2014-06-13,31.82,31.92,31.57,31.84,5657020
2014-06-16,31.77,32.16,31.61,32.1,4439160
2014-06-17,32.04,32.48,31.93,32.38,5391608
2014-06-18,32.35,32.62,32.12,32.58,6656944
2014-06-19,32.68,32.86,32.29,32.48,5842490
2014-06-20,32.56,32.65,32.33,32.46,9544852
2014-06-23,32.4,32.62,32.2,32.53,4219050
2014-06-24,32.54,32.58,32.08,32.16,4825088
2014-06-25,32.22,32.41,32.08,32.3,3684638
2014-06-26,32.35,32.44,31.84,32.18,3764858
2014-06-27,32.02,32.21,31.68,32.1,5667198
2014-06-30,31.98,32.05,31.22,31.28,9886016
2014-07-01,31.44,31.75,31.32,31.58,5941928
2014-07-02,31.69,31.96,31.6,31.75,3925786
2014-07-03,31.86,32.1,31.72,31.77,2872590
2014-07-07,31.68,31.82,31.54,31.72,3400052
2014-07-08,31.64,31.7,31.18,31.3,5118896
2014-07-09,31.36,31.63,31.26,31.41,3958864
2014-07-10,30.97,31.42,30.92,31.38,4489532
2014-07-11,31.4,31.68,31.26,31.41,3433474
2014-07-14,31.67,31.82,31.49,31.7,3811918
2014-07-15,31.58,32.0,31.56,31.8,3460324
2014-07-16,31.92,32.2,31.64,31.71,5536780
2014-07-17,31.65,32.02,31.51,31.67,4587776
2014-07-18,31.84,31.91,31.5,31.81,4637252
2014-07-21,31.83,31.94,31.56,31.7,2551196
2014-07-22,31.78,32.34,31.78,32.04,5354562
2014-07-23,31.96,32.24,31.93,32.05,6275056
2014-07-24,32.95,33.79,32.95,33.41,12216192
2014-07-25,33.34,34.2,33.22,33.68,7184786
2014-07-28,33.76,34.48,33.68,34.32,8297872
2014-07-29,34.32,34.84,34.28,34.58,8404864
2014-07-30,34.76,35.12,34.47,34.5,6827906
2014-07-31,34.22,34.43,33.8,33.86,6275594
2014-08-01,33.86,34.06,33.45,33.7,3980808
2014-08-04,33.57,34.01,33.54,33.94,4278134
2014-08-05,33.94,34.16,33.66,33.99,3393746
2014-08-06,33.75,34.34,33.5,34.24,4028128
2014-08-07,34.35,34.56,34.2,34.33,4350014
2014-08-08,34.16,34.44,34.12,34.2,4294694
2014-08-11,34.35,34.65,34.27,34.5,3354928
2014-08-12,34.43,34.47,34.17,34.3,2874310
2014-08-13,34.12,34.7,34.12,34.64,3727992
2014-08-14,34.62,34.7,34.32,34.56,3323162
2014-08-15,34.81,34.82,34.12,34.48,3869222
2014-08-18,34.72,34.98,34.62,34.82,3063102
2014-08-19,34.77,34.9,34.65,34.76,3564018
2014-08-20,34.74,34.94,34.59,34.74,3049674
2014-08-21,34.74,35.11,34.56,35.05,3276996
2014-08-22,35.12,35.34,34.98,35.04,3227196
2014-08-25,35.12,35.2,34.78,35.02,2303450
2014-08-26,35.06,35.24,34.8,34.92,3016374
2014-08-27,34.9,35.1,34.66,34.99,2995910
2014-08-28,34.88,34.96,34.44,34.86,2750070
2014-08-29,35.0,35.26,34.92,35.13,3795022
2014-09-02,35.11,35.5,35.09,35.28,2847438
2014-09-03,35.3,35.5,35.18,35.34,2501384
2014-09-04,35.62,35.62,35.14,35.34,2408510
2014-09-05,35.2,35.64,35.2,35.42,3192198
2014-09-08,35.42,35.94,35.34,35.83,4513082
2014-09-09,35.67,35.88,35.44,35.55,2647420
2014-09-10,35.55,35.94,35.54,35.82,3384746
2014-09-11,35.74,36.34,35.68,36.1,5282548
2014-09-12,36.02,36.17,35.86,35.98,2891142
2014-09-15,35.92,36.09,35.54,35.82,3050542
2014-09-16,35.83,35.91,35.44,35.78,2689942
2014-09-17,35.82,36.25,35.57,35.74,4042004
2014-09-18,35.92,36.44,35.76,36.34,3791118
2014-09-19,36.41,36.41,35.6,35.82,5609094
2014-09-22,35.74,35.82,35.18,35.26,3806358
2014-09-23,35.19,35.4,35.08,35.28,3803490
2014-09-24,35.34,35.89,35.27,35.79,2981524
2014-09-25,35.67,35.68,35.06,35.08,2156192
2014-09-26,35.1,35.4,35.0,35.26,1995486
2014-09-29,35.08,35.7,34.98,35.5,3218326
2014-09-30,35.5,35.88,35.45,35.67,4819002
2014-10-01,35.6,35.6,34.36,34.41,7712426
2014-10-02,34.35,34.64,33.98,34.47,3046742
2014-10-03,34.59,34.98,34.42,34.8,2734570
2014-10-06,34.96,35.25,34.37,34.4,3355066
2014-10-07,33.7,34.06,33.58,33.76,5723982
2014-10-08,33.8,34.18,33.26,34.08,3694814
2014-10-09,33.99,34.15,33.62,33.64,4735186
2014-10-10,33.64,34.01,32.82,32.83,5208042
2014-10-13,32.75,32.84,32.08,32.36,9794702
2014-10-14,32.64,32.92,32.19,32.47,4797132
2014-10-15,32.12,32.52,31.88,32.47,5784666
2014-10-16,31.98,32.3,31.78,32.0,5750998
2014-10-17,32.23,32.41,32.02,32.27,5455316
2014-10-20,32.03,32.67,31.77,32.59,5718812
2014-10-21,32.68,33.06,32.56,33.0,5532820
2014-10-22,32.54,32.77,32.17,32.39,8554810
2014-10-23,30.24,31.25,30.15,30.92,20372496
2014-10-24,30.85,31.92,30.78,31.8,11935140
2014-10-27,31.84,31.96,31.5,31.64,4811558
2014-10-28,31.82,32.06,31.66,32.04,3738906
2014-10-29,31.99,32.13,31.42,31.52,3798298
2014-10-30,31.52,32.06,31.4,31.86,2310646
2014-10-31,32.44,32.44,32.03,32.12,3166388
2014-11-03,32.22,32.47,32.12,32.2,1771890
2014-11-04,32.16,32.45,32.08,32.34,1927654
2014-11-05,32.48,32.5,32.0,32.2,2207054
2014-11-06,32.34,33.07,32.34,33.0,4061896
2014-11-07,33.04,33.24,32.78,33.16,2754230
2014-11-10,33.11,33.5,33.02,33.4,2404080
2014-11-11,33.36,33.59,33.28,33.34,1939742
2014-11-12,33.13,33.4,33.1,33.12,2075112
2014-11-13,33.08,33.31,32.67,32.92,3755412
2014-11-14,32.92,33.32,32.86,33.04,2514700
2014-11-17,33.04,33.28,32.84,32.86,3394856
2014-11-18,32.8,33.02,32.38,32.53,5777938
2014-11-19,32.58,32.58,32.0,32.31,2770298
2014-11-20,32.14,32.62,31.99,32.44,2112784
2014-11-21,32.77,33.02,32.45,32.64,4328986
2014-11-24,32.64,32.82,32.3,32.7,2704630
2014-11-25,32.8,33.13,32.6,32.93,2893844
2014-11-26,32.88,32.97,32.53,32.92,2477226
2014-11-28,33.04,33.47,32.95,33.16,1334740
2014-12-01,33.06,33.31,32.94,33.02,2358462
2014-12-02,32.98,33.37,32.88,33.1,2232298
2014-12-03,33.0,33.0,32.49,32.68,2346864
2014-12-04,32.68,32.89,32.54,32.89,4093170
2014-12-05,33.0,33.14,32.88,33.11,2370346
2014-12-08,32.94,33.1,31.96,32.05,2945714
2014-12-09,31.82,32.32,31.72,32.14,2579484
2014-12-10,32.02,32.12,31.26,31.32,2432950
2014-12-11,31.35,31.88,31.12,31.16,2688894
2014-12-12,30.7,30.92,30.0,30.0,5692034
2014-12-15,30.15,30.45,30.0,30.14,3778052
2014-12-16,30.02,30.4,29.82,29.83,2639164
2014-12-17,29.83,30.73,29.7,30.62,3162490
2014-12-18,31.04,31.65,30.98,31.64,3618586
2014-12-19,31.66,32.3,31.52,31.56,9346084
2014-12-22,31.62,32.04,31.44,31.8,2890452
2014-12-23,32.02,32.48,31.98,32.34,2355348
2014-12-24,32.38,32.48,32.22,32.24,821652
2014-12-26,32.28,32.58,32.26,32.32,827348
2014-12-29,32.22,32.54,32.14,32.43,2291050
2014-12-30,32.32,32.5,32.08,32.16,1763246
2014-12-31,32.85,32.85,31.9,31.9,1697710
2015-01-02,31.96,32.3,31.48,31.74,1139352
2015-01-05,31.56,31.62,30.88,31.04,2515812
2015-01-06,31.15,31.35,30.07,30.16,4196628
2015-01-07,30.29,30.86,30.22,30.62,2583528
2015-01-08,30.78,31.15,30.62,30.76,3021826
2015-01-09,30.74,30.9,30.37,30.56,1782276
2015-01-12,30.5,30.84,30.19,30.58,1718636
2015-01-13,30.77,31.0,28.8,29.44,7041826
2015-01-14,29.22,29.23,28.24,28.76,6926944
2015-01-15,28.78,28.96,28.46,28.49,3841804
2015-01-16,28.42,29.22,28.26,29.19,3828730
2015-01-20,29.36,29.68,29.08,29.48,4428706
2015-01-21,29.42,29.55,29.1,29.42,3093640
2015-01-22,29.24,30.04,29.01,30.02,6586396
2015-01-23,30.08,30.5,29.96,30.48,3620574
2015-01-26,30.48,30.62,29.8,30.48,3744642
2015-01-27,30.0,30.39,29.48,30.06,3282946
2015-01-28,30.36,30.4,29.58,29.6,4990758
2015-01-29,31.09,31.63,29.9,30.38,7080878
2015-01-30,30.02,30.16,29.42,29.63,4963776
2015-02-02,29.67,30.14,29.09,30.1,3433206
2015-02-03,30.21,30.9,30.11,30.86,3522150
2015-02-04,30.74,30.96,30.44,30.59,2511386
2015-02-05,30.71,30.92,30.6,30.83,2501866
2015-02-06,30.83,31.2,30.76,31.08,2574780
2015-02-09,30.92,31.24,30.8,31.19,2792546
2015-02-10,31.41,31.75,31.32,31.68,3084726
2015-02-11,31.63,32.0,31.6,31.86,2895606
2015-02-12,31.92,32.06,31.75,31.86,2740142
2015-02-13,31.94,32.38,31.82,32.26,2963230
2015-02-17,32.14,32.18,31.82,32.08,1818720
2015-02-18,31.9,32.04,31.56,31.86,2242932
2015-02-19,31.8,32.26,31.62,32.14,1926038
2015-02-20,32.17,32.5,31.94,32.46,2050112
2015-02-23,32.3,32.35,31.5,31.54,2950068
2015-02-24,31.52,31.86,31.5,31.82,2183636
2015-02-25,31.84,32.26,31.66,32.06,2207356
2015-02-26,32.1,32.28,31.54,31.74,2041296
2015-02-27,31.74,32.04,31.62,31.84,1744586
2015-03-02,31.88,31.95,31.48,31.84,2146744
2015-03-03,31.66,31.74,31.16,31.21,2241682
2015-03-04,31.08,31.22,30.72,31.0,2051436
2015-03-05,31.04,31.12,30.84,31.01,2121026
2015-03-06,30.94,31.14,30.39,30.58,2065776
2015-03-09,30.58,30.85,30.41,30.78,1771502
2015-03-10,30.38,30.66,29.83,29.88,3347588
2015-03-11,29.76,29.95,29.5,29.7,1753908
2015-03-12,29.83,30.4,29.68,30.32,2259838
2015-03-13,30.14,30.4,29.98,30.13,2247772
2015-03-16,30.36,30.86,30.16,30.82,2197450
2015-03-17,30.62,30.96,30.58,30.83,2313228
2015-03-18,30.68,31.46,30.26,31.18,2320002
2015-03-19,31.17,31.6,31.17,31.49,2395852
2015-03-20,31.68,32.0,31.52,31.9,4031416
2015-03-23,31.9,32.14,31.68,31.98,1981694
2015-03-24,31.88,32.05,31.8,31.9,2417810
2015-03-25,31.9,31.9,31.42,31.42,3031024
2015-03-26,31.4,31.79,31.28,31.69,2525324
2015-03-27,31.5,31.9,31.42,31.8,2068314
2015-03-30,31.77,32.17,31.6,32.01,2174848
2015-03-31,31.87,32.18,31.79,31.94,2606008
2015-04-01,31.88,31.92,31.26,31.42,2948084
2015-04-02,31.38,31.48,31.03,31.09,2175552
2015-04-06,30.74,31.66,30.54,31.58,3439198
2015-04-07,31.64,32.2,31.26,31.63,3799470
2015-04-08,31.69,32.27,31.58,32.18,2134452
2015-04-09,31.57,32.35,31.53,32.33,4738014
2015-04-10,30.58,32.01,30.42,31.9,17382328
2015-04-13,31.82,32.0,31.56,31.74,4625666
2015-04-14,31.78,32.18,31.64,32.0,2898890
2015-04-15,32.3,32.97,32.25,32.75,4770336
2015-04-16,32.81,32.86,32.48,32.7,2000016
2015-04-17,32.4,32.5,31.92,32.01,4027310
2015-04-20,32.18,32.5,31.8,31.92,3438476
2015-04-21,32.1,32.36,31.86,32.11,3011140
2015-04-22,32.13,32.8,32.13,32.38,4877126
2015-04-23,32.71,34.16,32.34,33.67,9065108
2015-04-24,32.7,33.64,32.39,33.5,3986912
2015-04-27,33.5,33.7,33.38,33.48,2708652
2015-04-28,33.4,33.84,33.32,33.76,2576146
2015-04-29,33.62,34.62,33.55,34.26,5274982
2015-04-30,34.22,34.22,33.36,33.58,4529784
2015-05-01,33.9,33.95,33.39,33.47,3083880
2015-05-04,33.54,33.66,33.36,33.4,2439144
2015-05-05,33.39,33.6,32.83,33.14,3426104
2015-05-06,33.32,33.48,32.78,32.92,3947514
2015-05-07,32.94,33.02,32.72,32.98,2908862
2015-05-08,33.16,33.48,33.15,33.3,2199836
2015-05-11,33.32,33.46,33.12,33.2,2330204
2015-05-12,33.01,33.24,32.72,33.06,2046370
2015-05-13,33.1,33.44,32.82,33.0,2961816
2015-05-14,33.28,33.45,33.13,33.38,3058944
2015-05-15,33.46,33.5,32.73,32.8,4631332
2015-05-18,32.52,33.04,32.32,32.96,3124886
2015-05-19,33.1,33.25,32.75,32.9,2468642
2015-05-20,32.98,33.2,32.86,32.99,2487916
2015-05-21,32.94,33.18,32.68,33.1,3249266
2015-05-22,33.0,33.15,32.72,32.8,2210800
2015-05-26,32.76,32.9,32.3,32.7,4671452
2015-05-27,32.73,33.12,32.62,32.95,2570126
2015-05-28,32.85,32.9,32.52,32.74,1902840
2015-05-29,32.66,32.82,32.42,32.5,5697154
2015-06-01,32.74,32.9,32.44,32.88,5213348
2015-06-02,32.68,33.66,32.66,33.5,7368520
2015-06-03,33.58,33.72,33.08,33.14,3968018
2015-06-04,32.94,33.33,32.94,33.02,2924718
2015-06-05,32.98,33.24,32.76,33.14,2670346
2015-06-08,33.12,33.28,32.89,33.0,1921304
2015-06-09,32.58,32.66,32.1,32.22,6886854
2015-06-10,32.36,33.03,32.26,32.98,4504858
2015-06-11,35.7,35.73,34.63,35.2,14559892
2015-06-12,35.7,36.44,35.56,35.96,9140994
2015-06-15,35.7,35.71,34.99,35.01,7513320
2015-06-16,34.9,35.23,34.81,35.17,5368372
2015-06-17,35.16,35.21,34.82,35.05,3960224
2015-06-18,35.04,35.43,35.01,35.37,4062540
2015-06-19,35.4,35.54,35.18,35.26,5625348
2015-06-22,35.46,35.84,35.32,35.52,5792460
2015-06-23,35.76,36.4,35.52,36.34,6228888
2015-06-24,36.34,36.56,35.79,35.84,4230882
2015-06-25,35.91,36.0,35.74,35.8,1990506
2015-06-26,35.84,35.94,35.33,35.48,4130366
2015-06-29,35.13,35.32,34.87,34.9,1962598
2015-06-30,35.2,35.24,34.85,35.08,2363202
2015-07-01,35.4,35.49,34.62,34.69,2969074
2015-07-02,34.69,34.98,34.56,34.78,2590778
2015-07-06,34.45,34.58,34.21,34.39,2138964
2015-07-07,34.35,34.36,33.52,34.22,3202236
2015-07-08,34.13,34.44,33.87,33.95,3235020
2015-07-09,34.28,34.75,34.28,34.44,3068990
2015-07-10,34.74,34.76,34.52,34.58,1560752
2015-07-13,34.73,35.18,34.64,35.06,1667504
2015-07-14,35.1,35.53,35.07,35.44,2216718
2015-07-15,35.54,35.54,34.86,34.92,1818684
2015-07-16,35.16,35.24,34.96,35.19,1287746
2015-07-17,35.2,35.22,34.74,34.86,1550956
2015-07-20,34.82,34.95,34.62,34.68,1617334
2015-07-21,34.68,35.01,34.64,34.82,1241488
2015-07-22,34.66,34.88,34.6,34.66,1927470
2015-07-23,34.75,35.18,34.65,34.83,1355684
2015-07-24,35.0,35.0,34.42,34.64,2238900
2015-07-27,34.42,34.61,34.14,34.3,3174812
2015-07-28,34.37,34.85,34.1,34.82,3188956
2015-07-29,36.5,38.35,36.41,37.64,12621470
2015-07-30,37.5,37.9,37.3,37.88,5041662
2015-07-31,37.9,37.96,37.67,37.8,3106814
2015-08-03,37.6,38.06,37.46,37.94,3663840
2015-08-04,37.8,38.06,37.5,38.03,6191032
2015-08-05,38.36,38.86,38.12,38.48,4741510
2015-08-06,38.62,38.67,37.84,37.86,4360284
2015-08-07,37.7,37.94,37.36,37.63,2504360
2015-08-10,37.96,38.11,37.64,38.06,2530948
2015-08-11,37.86,37.92,37.26,37.6,3203062
2015-08-12,37.44,38.38,37.08,38.21,6774608
2015-08-13,38.35,38.55,37.88,38.4,4619744
2015-08-14,38.46,39.02,38.29,38.78,3011954
2015-08-17,38.64,38.88,38.42,38.87,1829156
2015-08-18,38.9,39.12,38.79,39.04,2323924
2015-08-19,38.85,39.21,38.52,38.81,1604412
2015-08-20,38.38,38.61,37.92,37.93,2232026
2015-08-21,37.67,37.97,36.95,36.96,3648186
2015-08-24,35.06,35.5,33.2,33.51,9021912
2015-08-25,34.63,34.66,33.08,33.1,5344672
2015-08-26,34.02,34.24,33.1,34.2,5007880
2015-08-27,34.56,35.16,34.07,34.8,4388908
2015-08-28,34.5,34.66,34.14,34.34,4090092
2015-08-31,34.3,34.4,33.86,34.06,4335850
2015-09-01,33.19,33.48,32.55,32.7,4643912
2015-09-02,33.29,33.7,32.7,33.7,5565376
2015-09-03,33.86,34.55,33.74,33.94,4485432
2015-09-04,33.46,34.12,33.38,33.94,3406296
2015-09-08,34.62,34.94,34.06,34.92,4403082
2015-09-09,35.26,35.38,34.39,34.46,6426402
2015-09-10,34.35,35.34,34.35,34.95,2604884
2015-09-11,34.86,35.34,34.66,35.23,3815056
2015-09-14,35.46,35.7,35.08,35.35,3338830
2015-09-15,35.45,36.2,35.24,36.12,5466540
2015-09-16,36.06,36.53,35.99,36.48,3355204
2015-09-17,36.46,37.07,36.36,36.54,4875678
2015-09-18,36.06,37.0,36.04,36.15,10468278
2015-09-21,36.28,36.62,36.03,36.46,2193682
2015-09-22,36.1,36.52,35.6,36.08,2440988
2015-09-23,36.75,37.34,35.78,36.2,5075346
2015-09-24,35.88,36.61,35.83,36.48,3276914
2015-09-25,36.74,37.08,35.73,35.96,4688252
2015-09-28,35.88,36.08,34.62,34.63,3799326
2015-09-29,34.4,34.52,33.74,33.81,4339114
2015-09-30,34.1,34.7,33.82,34.64,3767396
2015-10-01,34.7,35.11,34.42,35.05,3446238
2015-10-02,34.58,35.79,34.25,35.78,2926284
2015-10-05,36.06,36.58,36.0,36.35,2732318
2015-10-06,36.17,36.25,35.59,35.82,4366420
2015-10-07,35.88,36.22,35.49,36.22,2990870
2015-10-08,36.12,37.42,35.88,37.27,2747370
2015-10-09,36.42,38.06,36.42,38.01,3434394
2015-10-12,38.0,38.14,37.7,37.86,3430598
2015-10-13,37.76,37.98,37.2,37.29,3355538
2015-10-14,37.16,37.45,36.63,36.78,2775216
2015-10-15,36.97,37.52,36.8,37.42,4478216
2015-10-16,37.48,37.8,37.3,37.74,2810270
2015-10-19,37.6,38.04,37.32,37.94,2745970
2015-10-20,37.76,38.13,37.16,37.96,2252800
2015-10-21,37.8,37.94,35.9,35.96,4975794
2015-10-22,39.14,40.42,38.23,40.29,11639810
2015-10-23,40.31,40.58,39.64,40.57,4079264
2015-10-26,40.65,41.68,40.34,41.09,4105314
2015-10-27,40.92,41.34,40.52,41.12,3120326
2015-10-28,40.82,42.08,40.82,42.08,2221966
2015-10-29,41.74,41.76,40.79,40.86,2851876
2015-10-30,40.82,41.36,40.82,41.05,2893034
2015-11-02,41.18,41.57,40.66,41.38,2373650
2015-11-03,41.25,41.5,40.8,40.88,3026452
2015-11-04,40.8,41.47,39.98,41.36,3367472
2015-11-05,41.54,41.56,40.78,41.06,2782550
2015-11-06,41.0,41.58,40.81,41.01,3880178
2015-11-09,40.9,40.95,39.85,40.2,4414316
2015-11-10,40.24,40.56,40.0,40.54,3323262
2015-11-11,40.54,40.9,40.4,40.44,1886762
2015-11-12,40.58,41.07,40.08,40.12,3971290
2015-11-13,40.0,40.04,38.62,38.96,5307172
2015-11-16,38.98,39.72,38.98,39.71,4298024
2015-11-17,39.86,40.24,38.96,39.21,3594534
2015-11-18,37.99,37.99,35.17,35.27,16300998
2015-11-19,35.26,36.88,35.26,36.31,8009692
2015-11-20,36.59,37.69,36.33,37.52,5612672
2015-11-23,37.48,38.04,37.38,37.92,3544988
2015-11-24,37.73,38.5,37.28,38.44,5193944
2015-11-25,38.68,39.09,37.97,38.18,2166468
2015-11-27,38.13,38.57,38.02,38.42,892252
2015-11-30,38.26,38.6,38.12,38.34,3271060
2015-12-01,38.82,39.0,38.22,38.92,2841906
2015-12-02,39.02,39.32,38.3,38.6,3050226
2015-12-03,38.6,38.8,37.46,37.7,3045584
2015-12-04,37.7,38.2,37.44,38.1,3931988
2015-12-07,38.18,38.42,37.78,38.3,2982398
2015-12-08,38.12,39.9,37.88,39.26,5747500
2015-12-09,39.05,39.25,37.98,38.28,4085862
2015-12-10,38.18,38.72,38.12,38.42,2485026
2015-12-11,37.98,38.42,37.43,37.54,3247914
2015-12-14,37.69,38.1,37.02,37.73,3045456
2015-12-15,38.2,39.36,38.0,39.18,4840416
2015-12-16,39.4,39.78,38.86,39.58,4807822
2015-12-17,39.62,39.79,38.78,38.83,4230736
2015-12-18,38.69,38.84,37.16,37.36,8150644
2015-12-21,37.56,37.71,36.96,37.25,2674404
2015-12-22,37.5,37.97,37.3,37.66,1912290
2015-12-23,37.89,38.27,36.58,38.02,1140030
2015-12-24,38.05,38.42,38.0,38.1,937662
2015-12-28,38.1,38.3,37.64,37.99,1654206
2015-12-29,38.2,39.09,38.18,38.73,1535446
2015-12-30,38.6,38.86,37.84,38.48,903492
2015-12-31,38.36,38.5,37.66,37.82,1440694
2016-01-04,37.2,37.2,36.1,37.08,2992638
2016-01-05,37.28,38.0,36.64,36.78,2561922
2016-01-06,36.27,37.02,36.25,37.0,2897284
2016-01-07,36.14,36.62,35.24,35.46,3342500
2016-01-08,35.68,35.86,34.76,34.84,3204474
2016-01-11,34.88,35.14,33.78,34.44,3393524
2016-01-12,34.78,35.48,34.69,35.4,3312008
2016-01-13,35.4,35.55,33.19,33.64,3822160
2016-01-14,33.94,34.02,32.96,33.69,3917750
2016-01-15,32.62,33.42,32.62,33.15,3762710
2016-01-19,32.73,33.5,32.58,33.04,5104166
2016-01-20,32.54,33.8,31.76,33.25,5722724
2016-01-21,33.47,33.96,32.6,32.71,5317144
2016-01-22,33.2,33.77,33.07,33.72,3731386
2016-01-25,33.49,33.92,32.82,33.02,3917988
2016-01-26,33.2,34.2,32.85,34.1,3073504
2016-01-27,33.51,34.04,32.74,32.95,5208070
2016-01-28,35.42,36.24,33.6,34.26,12702670
2016-01-29,34.64,35.29,34.34,35.23,5560190
2016-02-01,35.22,35.66,34.54,35.45,3864458
2016-02-02,34.74,34.9,32.66,33.14,5884576
2016-02-03,33.43,34.2,32.5,34.04,4688894
2016-02-04,34.09,34.68,33.52,33.57,4364068
2016-02-05,33.22,33.39,31.58,31.98,5566756
2016-02-08,31.68,31.78,30.76,31.58,4720180
2016-02-09,31.24,32.34,30.86,31.16,4211934
2016-02-10,31.5,32.14,31.12,31.14,3714250
2016-02-11,30.68,31.5,30.46,31.19,4825484
2016-02-12,31.49,32.18,31.22,32.16,3004326
2016-02-16,32.52,32.96,32.06,32.84,2771692
2016-02-17,33.04,34.88,32.94,34.61,6401808
2016-02-18,34.59,34.84,33.96,34.28,4938800
2016-02-19,34.11,34.72,33.98,34.64,3094172
2016-02-22,35.24,35.28,34.65,34.94,2121638
2016-02-23,34.65,34.96,34.01,34.38,2519858
2016-02-24,33.89,34.92,33.56,34.79,3103202
2016-02-25,34.71,35.83,34.54,35.8,3136870
2016-02-26,35.99,35.99,35.43,35.77,2326734
2016-02-29,35.66,35.84,35.27,35.32,4065528
2016-03-01,35.9,37.56,35.49,37.54,5265292
2016-03-02,37.26,37.7,36.56,37.02,4726744
2016-03-03,36.82,37.04,36.48,36.98,2796742
2016-03-04,36.68,37.66,36.49,37.2,2385948
2016-03-07,36.94,37.68,36.94,37.64,3523404
2016-03-08,37.2,37.58,36.96,36.98,3333982
2016-03-09,37.22,37.75,37.08,37.53,2114038
2016-03-10,37.8,38.41,37.1,37.84,3657004
2016-03-11,38.14,38.54,37.8,38.24,2931680
2016-03-14,38.2,38.5,37.5,38.42,1814732
2016-03-15,38.12,38.58,37.83,38.48,2267180
2016-03-16,38.19,38.75,38.1,38.54,2072760
2016-03-17,38.54,38.78,37.93,38.59,2550986
2016-03-18,38.61,38.65,37.92,38.54,2764488
2016-03-21,38.65,39.02,38.5,39.01,2881358
2016-03-22,38.97,39.12,38.64,38.98,3398428
2016-03-23,38.8,38.96,38.12,38.32,1874358
2016-03-24,38.26,38.41,37.77,38.34,3673344
2016-03-28,38.48,38.5,38.15,38.3,2788254
2016-03-29,38.1,39.13,37.94,39.0,1572332
2016-03-30,39.31,39.58,38.86,38.9,1680048
2016-03-31,38.79,39.54,38.63,39.29,2130998
2016-04-01,38.96,39.81,38.67,39.77,2177884
2016-04-04,39.94,39.95,39.28,39.64,1619960
2016-04-05,39.56,39.56,38.83,39.26,2758866
2016-04-06,39.32,39.72,38.9,39.7,1333350
2016-04-07,39.32,39.32,38.38,38.63,2242972
2016-04-08,39.08,39.74,38.98,39.25,2165008
2016-04-11,39.45,40.1,39.18,39.28,3689432
2016-04-12,39.25,39.36,38.68,39.08,3348240
2016-04-13,39.43,40.0,39.16,39.85,2643610
2016-04-14,40.06,40.45,39.74,40.4,2670470
2016-04-15,40.24,40.42,39.65,40.28,4679984
2016-04-18,40.09,40.73,39.75,40.68,3149506
2016-04-19,40.76,40.78,39.82,40.07,2753218
2016-04-20,40.21,40.5,39.54,40.26,4784122
2016-04-21,43.25,45.0,41.84,42.02,11345952
2016-04-22,41.86,41.98,41.02,41.45,8079844
2016-04-25,41.22,41.58,41.1,41.4,3832972
2016-04-26,41.53,41.66,41.1,41.6,2172056
2016-04-27,41.68,42.08,41.12,41.95,2975512
2016-04-28,41.64,41.95,40.86,41.02,3062954
2016-04-29,40.62,41.0,40.19,40.92,3460300
2016-05-02,40.93,41.38,40.66,41.34,2205132
2016-05-03,40.9,40.99,40.14,40.34,2083770
2016-05-04,40.1,40.46,39.8,40.1,1844158
2016-05-05,40.24,40.46,39.9,40.13,3698676
2016-05-06,39.99,40.63,39.9,40.62,2073276
2016-05-09,40.43,41.0,40.11,40.7,1663112
2016-05-10,40.86,41.77,40.68,41.73,2901520
2016-05-11,41.52,41.96,41.31,41.32,1415768
2016-05-12,41.62,41.86,40.96,41.46,1732184
2016-05-13,41.36,41.72,41.06,41.12,1369086
2016-05-16,41.22,41.8,41.06,41.5,2696908
2016-05-17,41.48,41.55,40.94,41.15,1963068
2016-05-18,41.14,41.52,40.87,41.37,1870296
2016-05-19,41.23,41.36,40.57,41.12,2030292
2016-05-20,41.34,41.69,41.16,41.6,2162328
2016-05-23,41.65,42.5,41.6,41.84,3348054
2016-05-24,42.18,43.0,42.02,42.94,2653006
2016-05-25,42.96,43.0,41.5,41.57,6058080
2016-05-26,41.88,42.74,41.81,42.43,3352332
2016-05-27,42.36,42.76,42.24,42.75,1571952
2016-05-31,42.86,42.9,42.23,42.46,2683096
2016-06-01,42.36,43.02,42.27,42.9,2101000
2016-06-02,42.66,43.28,42.14,43.24,3743896
2016-06-03,43.1,43.14,42.4,42.64,1746912
2016-06-06,42.78,43.11,42.62,43.06,2585768
2016-06-07,43.08,43.65,42.84,43.64,3726068
2016-06-08,43.7,44.23,43.24,44.09,3103124
2016-06-09,43.81,44.08,43.63,43.84,2159634
2016-06-10,43.34,43.5,42.95,43.01,1819248
2016-06-13,42.76,43.52,42.53,42.76,2777572
2016-06-14,42.7,42.85,42.45,42.67,2114740
2016-06-15,42.76,42.92,42.2,42.24,2665150
2016-06-16,42.0,42.24,41.66,42.21,2511878
2016-06-17,42.04,42.16,41.71,41.9,3008404
2016-06-20,42.48,42.84,42.38,42.57,2441780
2016-06-21,42.77,42.9,42.44,42.62,2169780
2016-06-22,42.7,42.94,42.5,42.56,1547824
2016-06-23,42.78,43.25,42.61,43.18,2802428
2016-06-24,41.16,41.75,40.24,40.28,4717486
2016-06-27,39.8,39.85,38.12,38.51,5200918
2016-06-28,39.01,39.8,38.93,39.62,4488290
2016-06-29,39.74,40.34,39.68,40.32,3129866
2016-06-30,40.38,40.48,39.64,40.04,3704712
2016-07-01,39.93,40.32,39.7,40.18,3007846
2016-07-05,40.04,40.44,39.3,39.63,2174416
2016-07-06,39.4,39.89,39.28,39.78,2225444
2016-07-07,39.78,40.54,39.58,40.34,2457236
2016-07-08,40.72,41.9,40.47,41.77,3460124
2016-07-11,41.98,42.2,41.5,41.62,2552718
2016-07-12,42.0,42.18,41.54,41.98,2268824
2016-07-13,42.0,42.24,41.58,42.04,2776734
2016-07-14,42.46,42.62,42.18,42.44,1404730
2016-07-15,42.64,42.64,42.18,42.42,1281516
2016-07-18,42.48,42.68,42.28,42.36,1593814
2016-07-19,42.34,42.92,42.34,42.54,1809558
2016-07-20,42.64,43.12,42.4,43.0,1467934
2016-07-21,42.97,43.11,42.48,42.61,2575034
2016-07-22,42.71,43.55,42.45,43.54,2447572
2016-07-25,43.57,44.16,43.26,44.14,3138954
2016-07-26,44.16,44.75,44.04,44.66,6299184
2016-07-27,42.88,44.12,42.5,43.99,9483234
2016-07-28,44.09,44.69,44.09,44.53,3438276
2016-07-29,44.5,44.6,44.02,44.56,3828532
2016-08-01,43.86,44.38,43.24,43.31,6465328
2016-08-02,43.08,43.1,41.68,41.74,5873750
2016-08-03,41.72,42.48,41.7,42.4,3945976
2016-08-04,42.4,42.74,41.9,41.98,2997278
2016-08-05,42.18,42.61,42.12,42.5,2077148
2016-08-08,42.61,42.85,42.38,42.48,2873824
2016-08-09,42.42,42.69,42.42,42.56,1929412
2016-08-10,42.7,42.8,42.52,42.8,2273088
2016-08-11,42.83,43.63,42.52,43.59,3275602
2016-08-12,43.39,43.66,43.14,43.58,2447982
2016-08-15,43.58,43.91,43.4,43.73,1683300
2016-08-16,43.62,43.72,43.24,43.32,1960474
2016-08-17,43.38,43.63,43.05,43.5,2267974
2016-08-18,43.34,44.02,43.26,43.94,2449476
2016-08-19,43.98,43.98,43.63,43.8,1864438
2016-08-22,43.68,43.89,43.62,43.73,1338634
2016-08-23,43.92,44.28,43.91,44.16,2655388
2016-08-24,44.01,44.28,43.8,44.03,1986662
2016-08-25,44.05,44.24,43.9,44.14,1259570
2016-08-26,44.2,44.74,43.8,44.06,2102320
2016-08-29,44.11,44.44,44.1,44.27,1638574
2016-08-30,44.26,44.45,43.76,43.94,1595494
2016-08-31,43.96,44.05,43.3,43.6,3642106
2016-09-01,43.47,43.99,43.2,43.64,2248370
2016-09-02,43.88,43.96,43.21,43.49,2217468
2016-09-06,43.41,43.78,43.34,43.77,2363644
2016-09-07,43.78,43.87,43.44,43.61,1418340
2016-09-08,43.42,43.58,43.08,43.12,1286092
2016-09-09,42.7,43.0,41.6,41.6,2871602
2016-09-12,41.33,42.06,41.14,42.02,3198646
2016-09-13,41.68,42.2,41.28,41.68,2985546
2016-09-14,41.72,42.04,41.42,41.62,1777846
2016-09-15,40.3,42.22,40.3,41.93,2206182
2016-09-16,41.8,41.9,41.38,41.48,3520356
2016-09-19,41.8,42.05,41.4,41.68,2634418
2016-09-20,42.0,42.09,41.56,41.6,1999916
2016-09-21,41.89,42.34,41.68,42.26,1993918
2016-09-22,42.54,42.7,42.4,42.58,2351476
2016-09-23,42.59,42.73,42.28,42.46,1946356
2016-09-26,42.37,42.56,42.06,42.28,1312434
2016-09-27,42.1,42.7,41.98,42.62,1108348
2016-09-28,42.6,43.04,42.49,43.02,1339006
2016-09-29,43.02,43.1,42.46,42.47,1164228
2016-09-30,42.68,42.92,42.38,42.61,2200092
2016-10-03,42.24,42.45,41.62,42.08,2139820
2016-10-04,42.42,42.45,41.82,42.06,1858530
2016-10-05,42.28,42.68,42.01,42.48,1428818
2016-10-06,42.53,42.67,42.1,42.46,1145644
2016-10-07,42.5,42.56,41.84,42.15,943612
2016-10-10,42.42,42.85,42.28,42.35,1183058
2016-10-11,42.28,42.37,41.22,41.54,2612054
2016-10-12,41.6,42.0,41.42,41.66,1784546
2016-10-13,41.43,42.04,40.68,41.7,4479084
2016-10-14,41.96,42.32,41.72,41.82,3619250
2016-10-17,41.9,42.16,41.55,41.58,2202064
2016-10-18,42.1,42.8,42.0,42.66,3794714
2016-10-19,42.72,43.46,42.56,43.15,5034190
2016-10-20,44.82,44.92,43.06,43.17,7902492
2016-10-21,43.04,43.46,42.5,42.6,6087834
2016-10-24,43.0,43.36,42.89,43.08,4534792
2016-10-25,42.96,43.15,42.37,42.45,2542142
2016-10-26,42.46,42.81,41.93,41.95,1913876
2016-10-27,42.32,42.5,41.55,41.68,2123930
2016-10-28,41.7,42.6,41.69,42.26,3573552
2016-10-31,42.46,42.6,42.16,42.4,3402128
2016-11-01,42.58,42.7,42.08,42.5,2744212
2016-11-02,42.48,42.57,41.81,41.9,2404668
2016-11-03,42.08,42.2,41.7,41.72,1619436
2016-11-04,41.5,42.04,41.5,41.62,1498724
2016-11-07,42.41,42.9,42.14,42.76,1948368
2016-11-08,42.75,42.88,42.41,42.62,1314782
2016-11-09,41.73,43.08,41.16,42.98,2368334
2016-11-10,43.1,43.78,42.21,43.36,2904066
2016-11-11,43.2,43.3,42.58,42.78,2993270
2016-11-14,42.94,43.21,41.62,41.77,2485640
2016-11-15,41.96,43.1,41.84,43.02,2409782
2016-11-16,42.86,43.37,42.56,43.34,2180300
2016-11-17,43.28,44.1,42.95,43.99,2146668
2016-11-18,44.06,44.19,43.36,43.41,1949762
2016-11-21,43.6,44.08,43.51,43.99,1306116
2016-11-22,44.08,44.24,43.78,44.21,1171824
2016-11-23,44.04,44.18,43.42,43.84,2130704
2016-11-25,44.02,44.19,43.8,44.16,893934
2016-11-28,43.98,44.28,43.71,43.73,2078876
2016-11-29,43.66,44.27,43.66,43.97,1843478
2016-11-30,43.96,44.16,43.24,43.36,2395454
2016-12-01,43.25,43.68,42.49,42.74,2712120
2016-12-02,42.67,42.83,42.22,42.81,2400540
2016-12-05,43.3,44.54,43.02,44.5,3920822
2016-12-06,44.46,44.46,43.72,43.81,3019346
2016-12-07,43.8,44.56,43.46,44.54,2542378
2016-12-08,44.32,45.12,44.19,45.0,3192346
2016-12-09,45.19,45.28,44.58,44.66,1681130
2016-12-12,44.52,44.7,44.25,44.44,1522310
2016-12-13,44.68,45.54,44.44,45.22,2106710
2016-12-14,45.21,45.6,45.06,45.22,3466144
2016-12-15,45.42,46.16,45.24,45.88,2359610
2016-12-16,46.13,46.2,45.28,45.34,3559542
2016-12-19,45.4,45.87,45.31,45.72,1159872
2016-12-20,45.86,45.96,45.64,45.86,1480014
2016-12-21,45.98,46.14,45.74,46.03,2159948
2016-12-22,45.7,45.7,45.12,45.22,2335540
2016-12-23,45.22,45.5,45.06,45.42,1021840
2016-12-27,45.6,45.86,45.46,45.48,1061736
2016-12-28,45.58,45.59,44.96,45.04,1133138
2016-12-29,44.98,45.28,44.91,45.01,1360312
2016-12-30,45.2,45.32,44.52,44.66,1348094
2017-01-03,45.12,45.46,44.74,45.06,2092834
2017-01-04,45.1,45.26,45.0,45.14,2259898
2017-01-05,45.03,45.3,44.82,45.12,1340086
2017-01-06,45.26,45.72,45.02,45.5,2008774
2017-01-09,45.38,45.64,45.0,45.4,4845714
2017-01-10,45.44,45.75,45.24,45.32,1538222
2017-01-11,45.26,45.88,45.26,45.78,3013386
2017-01-12,45.64,45.76,44.93,45.55,1632322
2017-01-13,45.62,46.06,45.58,45.9,3386160
2017-01-17,45.89,46.14,45.26,45.45,3039968
2017-01-18,45.56,46.82,45.4,46.78,4164034
2017-01-19,46.7,46.75,46.14,46.32,2126998
2017-01-20,46.52,47.04,46.35,46.5,2102560
2017-01-23,46.48,46.73,45.7,46.22,2580148
2017-01-24,46.4,47.37,46.28,47.18,2331006
2017-01-25,47.5,47.95,47.02,47.87,5618972
2017-01-26,45.34,45.92,44.3,44.76,9477774
2017-01-27,44.85,45.34,44.82,45.13,4923810
2017-01-30,44.96,45.67,44.62,45.56,6104188
2017-01-31,45.52,45.63,44.9,45.6,4451432
2017-02-01,74.27,75.0,70.24,71.24,5760295
2017-02-02,71.0,75.57,71.0,74.95,4667432
2017-02-03,75.65,76.94,75.22,76.7,3980322
2017-02-06,76.39,76.73,75.54,76.3,3794864
2017-02-07,76.57,78.49,76.32,77.65,3263259
2017-02-08,77.24,78.16,76.88,77.69,2808129
2017-02-09,77.91,79.38,77.64,78.42,3971827
2017-02-10,78.47,79.01,77.83,78.55,2115397
2017-02-13,78.55,79.36,78.55,78.78,4205607
2017-02-14,78.6,79.36,78.05,78.93,2234871
2017-02-15,78.72,80.54,78.14,80.16,2649415
2017-02-16,80.43,80.74,79.46,79.94,2195346
2017-02-17,79.75,80.77,79.68,80.5,2056915
2017-02-21,80.52,81.1,80.18,80.77,2540382
2017-02-22,80.43,80.89,79.81,80.17,1847174
2017-02-23,80.32,80.47,79.31,79.93,1514607
2017-02-24,79.73,80.19,78.93,80.18,1279848
2017-02-27,80.13,80.34,79.56,80.16,769778
2017-02-28,79.47,79.82,78.91,78.95,1868485
2017-03-01,79.72,80.97,79.23,80.77,2369527
2017-03-02,80.4,80.4,79.19,79.33,2021847
2017-03-03,79.51,80.11,78.88,79.95,1296239
2017-03-06,79.9,80.0,79.11,79.66,2189172
2017-03-07,79.72,80.39,79.39,79.9,1528350
2017-03-08,79.92,80.58,79.42,79.92,1169028
2017-03-09,79.91,80.07,78.49,79.03,1668799
2017-03-10,79.36,79.79,79.06,79.53,1388820
2017-03-13,79.58,87.99,79.05,84.93,5459013
2017-03-14,84.51,84.77,81.04,82.02,5427900
2017-03-15,81.65,83.22,81.45,82.51,3211466
2017-03-16,82.77,82.99,81.91,82.57,1546801
2017-03-17,83.03,83.07,82.1,82.72,2412131
2017-03-20,82.81,82.96,81.95,82.49,1246785
2017-03-21,82.74,82.83,81.46,81.51,2175844
2017-03-22,81.81,82.68,81.33,82.2,1106184
2017-03-23,82.07,84.14,81.73,83.39,3846168
2017-03-24,83.67,84.75,82.94,83.14,1474966
2017-03-27,82.7,84.35,81.88,83.57,1885523
2017-03-28,83.97,84.2,83.23,83.99,1893058
2017-03-29,83.55,83.83,82.33,83.59,1097374
2017-03-30,83.46,84.25,83.46,84.11,1074089
2017-03-31,83.55,84.12,83.37,83.39,1391453
2017-04-03,83.54,84.08,82.79,83.44,1901826
2017-04-04,83.42,83.98,82.67,83.3,964647
2017-04-05,83.7,84.27,82.7,82.96,1076442
2017-04-06,83.1,83.34,82.51,83.06,1828551
2017-04-07,83.0,83.57,82.74,83.15,2021201
2017-04-10,83.2,83.68,82.94,83.44,711047
2017-04-11,83.24,83.83,82.76,83.68,1329414
2017-04-12,83.7,83.89,82.8,83.0,584652
2017-04-13,83.06,83.68,82.77,82.96,747144
2017-04-17,83.37,83.73,83.0,83.44,1187190
2017-04-18,83.35,83.63,82.55,83.12,890271
2017-04-19,83.53,84.11,83.08,83.23,1756176
2017-04-20,83.69,83.93,83.19,83.67,1747463
2017-04-21,83.64,83.77,82.86,83.09,1297129
2017-04-24,84.43,84.5,83.31,84.37,1614284
2017-04-25,84.73,84.73,83.8,84.05,1463842
2017-04-26,84.65,84.66,83.5,84.12,1581279
2017-04-27,84.6,84.82,80.53,81.44,3705931
2017-04-28,81.48,81.64,80.1,80.94,2528427
2017-05-01,81.24,81.9,81.01,81.75,1349524
2017-05-02,82.03,82.03,81.03,81.29,1553191
2017-05-03,87.52,87.95,86.06,87.05,4006118
2017-05-04,86.98,87.15,85.93,86.55,3313421
2017-05-05,86.62,87.5,86.33,87.48,1634890
2017-05-08,87.19,87.48,86.34,87.19,1043762
2017-05-09,86.98,87.18,86.5,86.82,2242960
2017-05-10,86.86,87.28,86.5,86.99,877023
2017-05-11,86.39,87.17,86.21,87.11,1236621
2017-05-12,87.08,87.08,85.9,85.92,1522365
2017-05-15,86.21,86.74,86.14,86.33,1187892
2017-05-16,86.66,86.78,83.8,84.83,3462701
2017-05-17,83.97,84.38,82.7,82.74,2193894
2017-05-18,82.52,83.04,81.8,82.59,1182019
2017-05-19,82.78,83.57,82.5,82.79,1420425
2017-05-22,82.64,83.35,82.56,82.95,1487361
2017-05-23,83.12,83.47,81.95,82.06,991358
2017-05-24,82.44,82.44,81.56,82.3,874891
2017-05-25,82.53,83.4,82.3,83.15,965154
2017-05-26,82.84,83.04,82.25,82.49,1028926
2017-05-30,82.18,82.44,81.66,82.15,1821488
2017-05-31,82.45,82.6,81.33,82.54,1773943
2017-06-01,82.74,83.03,82.15,82.86,2646316
2017-06-02,83.0,83.49,82.53,83.43,1648547
2017-06-05,83.55,84.01,83.31,83.32,1009433
2017-06-06,83.1,83.61,82.56,82.85,974202
2017-06-07,82.82,83.34,82.57,83.27,965087
2017-06-08,83.15,83.4,82.74,83.21,941409
2017-06-09,83.27,83.27,77.83,78.32,2886721
2017-06-12,77.4,80.98,77.22,80.85,3030974
2017-06-13,81.1,81.36,80.26,80.75,1593389
2017-06-14,80.96,81.23,79.13,79.97,1011966
2017-06-15,79.17,79.54,78.26,79.26,1430583
2017-06-16,79.19,79.94,78.82,79.92,3030714
2017-06-19,80.2,81.73,79.68,81.41,1437172
2017-06-20,81.18,81.42,80.21,80.35,838784
2017-06-21,80.68,81.24,80.55,80.68,920126
2017-06-22,80.68,81.5,80.04,81.18,966221
2017-06-23,81.33,82.09,80.65,81.41,1413580
2017-06-26,81.46,82.58,81.02,81.27,763934
2017-06-27,81.12,81.27,80.31,80.46,700778
2017-06-28,80.84,81.34,79.72,81.23,783771
2017-06-29,81.02,81.14,78.62,79.51,1080356
2017-06-30,79.91,80.15,78.95,79.58,936176
2017-07-03,79.97,80.42,78.69,78.78,457779
2017-07-05,78.98,79.95,78.47,79.4,1346673
2017-07-06,78.81,79.53,78.49,78.67,676292
2017-07-07,78.93,79.65,78.93,79.27,908969
2017-07-10,79.29,80.33,78.83,79.93,826902
2017-07-11,78.0,79.55,77.1,78.56,2574848
